# S Veff_full V_HT
0.00000000e+00	0.00000000e+00	0.00000000e+00
5.00500501e-03	1.32492095e-07	1.41241441e-07
1.00100100e-02	5.30968243e-07	5.62788831e-07
1.50150150e-02	1.19682398e-06	1.26134689e-06
2.00200200e-02	2.13132589e-06	2.23358067e-06
2.50250250e-02	3.33562008e-06	3.47611598e-06
3.00300300e-02	4.81073822e-06	4.98553984e-06
3.50350350e-02	6.55760241e-06	6.75840116e-06
4.00400400e-02	8.57702940e-06	8.79121152e-06
4.50450450e-02	1.08697344e-05	1.10804461e-05
5.00500501e-02	1.34363344e-05	1.36225445e-05
5.50550551e-02	1.62773519e-05	1.64139124e-05
6.00600601e-02	1.93932177e-05	1.94509218e-05
6.50650651e-02	2.26847589e-05	2.27299136e-05
7.00700701e-02	2.61536560e-05	2.62471976e-05
7.50750751e-02	2.98835371e-05	2.99990550e-05
8.00800801e-02	3.38744967e-05	3.39817393e-05
8.50850851e-02	3.81265522e-05	3.81914778e-05
9.00900901e-02	4.25804045e-05	4.26244736e-05
9.50950951e-02	4.71882830e-05	4.72769064e-05
1.00100100e-01	5.20478950e-05	5.21449348e-05
1.05105105e-01	5.71589766e-05	5.72246972e-05
1.10110110e-01	6.24588576e-05	6.25123137e-05
1.15115115e-01	6.79141538e-05	6.80038876e-05
1.20120120e-01	7.36127460e-05	7.36955068e-05
1.25125125e-01	7.95441706e-05	7.95832453e-05
1.30130130e-01	8.55779288e-05	8.56631644e-05
1.35135135e-01	9.18474284e-05	9.19313145e-05
1.40140140e-01	9.83341250e-05	9.83837363e-05
1.45145145e-01	1.04927179e-04	1.05016462e-04
1.50150150e-01	1.11748724e-04	1.11825516e-04
1.55155155e-01	1.18732686e-04	1.18806918e-04
1.60160160e-01	1.25864902e-04	1.25956681e-04
1.65165165e-01	1.33216060e-04	1.33270817e-04
1.70170170e-01	1.40651359e-04	1.40745332e-04
1.75175175e-01	1.48302014e-04	1.48376234e-04
1.80180180e-01	1.56066664e-04	1.56159527e-04
1.85185185e-01	1.64006181e-04	1.64091217e-04
1.90190190e-01	1.72074190e-04	1.72167311e-04
1.95195195e-01	1.80293820e-04	1.80383818e-04
2.00200200e-01	1.88640518e-04	1.88736750e-04
2.05205205e-01	1.97131127e-04	1.97222121e-04
2.10210210e-01	2.05734486e-04	2.05835951e-04
2.15215215e-01	2.14486670e-04	2.14574265e-04
2.20220220e-01	2.23326592e-04	2.23433092e-04
2.25225225e-01	2.32324163e-04	2.32408467e-04
2.30230230e-01	2.41388599e-04	2.41496435e-04
2.35235235e-01	2.50591134e-04	2.50693043e-04
2.40240240e-01	2.59893265e-04	2.59994351e-04
2.45245245e-01	2.69284293e-04	2.69396423e-04
2.50250250e-01	2.78797883e-04	2.78895335e-04
2.55255255e-01	2.88377907e-04	2.88487170e-04
2.60260260e-01	2.98053945e-04	2.98168020e-04
2.65265265e-01	3.07833781e-04	3.07933988e-04
2.70270270e-01	3.17670642e-04	3.17781189e-04
2.75275275e-01	3.27589137e-04	3.27705744e-04
2.80280280e-01	3.37594953e-04	3.37703788e-04
2.85285285e-01	3.47666976e-04	3.47771468e-04
2.90290290e-01	3.57789246e-04	3.57904939e-04
2.95295295e-01	3.67984005e-04	3.68100371e-04
3.00300300e-01	3.78245195e-04	3.78353943e-04
3.05305305e-01	3.88559287e-04	3.88661849e-04
3.10310310e-01	3.98908345e-04	3.99020293e-04
3.15315315e-01	4.09310776e-04	4.09425493e-04
3.20320320e-01	4.19761334e-04	4.19873679e-04
3.25325325e-01	4.30255002e-04	4.30361095e-04
3.30330330e-01	4.40786966e-04	4.40883997e-04
3.35335335e-01	4.51338726e-04	4.51438653e-04
3.40340340e-01	4.61918276e-04	4.62021348e-04
3.45345345e-01	4.72524901e-04	4.72628378e-04
3.50350350e-01	4.83154234e-04	4.83256053e-04
3.55355355e-01	4.93802036e-04	4.93900697e-04
3.60360360e-01	5.04464189e-04	5.04558648e-04
3.65365365e-01	5.15136686e-04	5.15226258e-04
3.70370370e-01	5.25815616e-04	5.25899893e-04
3.75375375e-01	5.36497157e-04	5.36575935e-04
3.80380380e-01	5.47177572e-04	5.47250777e-04
3.85385385e-01	5.57853197e-04	5.57920829e-04
3.90390390e-01	5.68520441e-04	5.68582514e-04
3.95395395e-01	5.79175775e-04	5.79232272e-04
4.00400400e-01	5.89815735e-04	5.89866555e-04
4.05405405e-01	6.00436905e-04	6.00481831e-04
4.10410410e-01	6.11035931e-04	6.11074583e-04
4.15415415e-01	6.21609502e-04	6.21641308e-04
4.20420420e-01	6.32154354e-04	6.32178520e-04
4.25425425e-01	6.42667266e-04	6.42682744e-04
4.30430430e-01	6.53145058e-04	6.53150524e-04
4.35435435e-01	6.63584591e-04	6.63578418e-04
4.40440440e-01	6.73982760e-04	6.73962999e-04
4.45445445e-01	6.84336493e-04	6.84300854e-04
4.50450450e-01	6.94633270e-04	6.94588587e-04
4.55455455e-01	7.04876656e-04	7.04822816e-04
4.60460460e-01	7.15066002e-04	7.15000176e-04
4.65465465e-01	7.25198389e-04	7.25117316e-04
4.70470470e-01	7.35270920e-04	7.35170900e-04
4.75475475e-01	7.45272306e-04	7.45157609e-04
4.80480480e-01	7.55192560e-04	7.55074138e-04
4.85485485e-01	7.65043898e-04	7.64917199e-04
4.90490490e-01	7.74823539e-04	7.74683518e-04
4.95495495e-01	7.84524209e-04	7.84369837e-04
5.00500501e-01	7.94133989e-04	7.93972915e-04
5.05505506e-01	8.03663499e-04	8.03489524e-04
5.10510511e-01	8.13110057e-04	8.12916454e-04
5.15515516e-01	8.22454429e-04	8.22250509e-04
5.20520521e-01	8.31707015e-04	8.31488511e-04
5.25525526e-01	8.40868412e-04	8.40627294e-04
5.30530531e-01	8.49918203e-04	8.49663712e-04
5.35535536e-01	8.58868067e-04	8.58594631e-04
5.40540541e-01	8.67715516e-04	8.67416935e-04
5.45545546e-01	8.76442208e-04	8.76127523e-04
5.50550551e-01	8.85064408e-04	8.84723309e-04
5.55555556e-01	8.93564170e-04	8.93201226e-04
5.60560561e-01	9.01946684e-04	9.01558218e-04
5.65565566e-01	9.10208257e-04	9.09791250e-04
5.70570571e-01	9.18340143e-04	9.17897298e-04
5.75575576e-01	9.26349641e-04	9.25873356e-04
5.80580581e-01	9.34220207e-04	9.33716436e-04
5.85585586e-01	9.41964260e-04	9.41423563e-04
5.90590591e-01	9.49563051e-04	9.48991777e-04
5.95595596e-01	9.57028771e-04	9.56418138e-04
6.00600601e-01	9.64345546e-04	9.63699719e-04
6.05605606e-01	9.71520474e-04	9.70833609e-04
6.10610611e-01	9.78545190e-04	9.77816914e-04
6.15615616e-01	9.85417254e-04	9.84646755e-04
6.20620621e-01	9.92140058e-04	9.91320269e-04
6.25625626e-01	9.98697552e-04	9.97834610e-04
6.30630631e-01	1.00510186e-03	1.00418695e-03
6.35635636e-01	1.01134032e-03	1.01037447e-03
6.40640641e-01	1.01741244e-03	1.01639437e-03
6.45645646e-01	1.02332155e-03	1.02224387e-03
6.50650651e-01	1.02905404e-03	1.02792020e-03
6.55655656e-01	1.03461417e-03	1.03342062e-03
6.60660661e-01	1.04000200e-03	1.03874238e-03
6.65665666e-01	1.04520752e-03	1.04388278e-03
6.70670671e-01	1.05022892e-03	1.04883910e-03
6.75675676e-01	1.05506359e-03	1.05360866e-03
6.80680681e-01	1.05971397e-03	1.05818879e-03
6.85685686e-01	1.06416882e-03	1.06257683e-03
6.90690691e-01	1.06843334e-03	1.06677015e-03
6.95695696e-01	1.07250531e-03	1.07076613e-03
7.00700701e-01	1.07638184e-03	1.07456215e-03
7.05705706e-01	1.08005771e-03	1.07815563e-03
7.10710711e-01	1.08352878e-03	1.08154399e-03
7.15715716e-01	1.08679663e-03	1.08472468e-03
7.20720721e-01	1.08985856e-03	1.08769514e-03
7.25725726e-01	1.09271188e-03	1.09045287e-03
7.30730731e-01	1.09535398e-03	1.09299534e-03
7.35735736e-01	1.09778229e-03	1.09532007e-03
7.40740741e-01	1.09999269e-03	1.09742457e-03
7.45745746e-01	1.10198310e-03	1.09930638e-03
7.50750751e-01	1.10375271e-03	1.10096306e-03
7.55755756e-01	1.10529908e-03	1.10239218e-03
7.60760761e-01	1.10661982e-03	1.10359132e-03
7.65765766e-01	1.10771258e-03	1.10455809e-03
7.70770771e-01	1.10857502e-03	1.10529011e-03
7.75775776e-01	1.10920487e-03	1.10578501e-03
7.80780781e-01	1.10959987e-03	1.10604044e-03
7.85785786e-01	1.10975781e-03	1.10605407e-03
7.90790791e-01	1.10967649e-03	1.10582359e-03
7.95795796e-01	1.10935376e-03	1.10534669e-03
8.00800801e-01	1.10878750e-03	1.10462108e-03
8.05805806e-01	1.10797559e-03	1.10364450e-03
8.10810811e-01	1.10691599e-03	1.10241470e-03
8.15815816e-01	1.10560665e-03	1.10092945e-03
8.20820821e-01	1.10404223e-03	1.09918651e-03
8.25825826e-01	1.10221315e-03	1.09718369e-03
8.30830831e-01	1.10012806e-03	1.09491880e-03
8.35835836e-01	1.09778502e-03	1.09238967e-03
8.40840841e-01	1.09518215e-03	1.08959414e-03
8.45845846e-01	1.09231756e-03	1.08653008e-03
8.50850851e-01	1.08918941e-03	1.08319535e-03
8.55855856e-01	1.08579206e-03	1.07958786e-03
8.60860861e-01	1.08212658e-03	1.07570551e-03
8.65865866e-01	1.07819194e-03	1.07154623e-03
8.70870871e-01	1.07398639e-03	1.06710795e-03
8.75875876e-01	1.06950668e-03	1.06238865e-03
8.80880881e-01	1.06474848e-03	1.05738628e-03
8.85885886e-01	1.05971410e-03	1.05209885e-03
8.90890891e-01	1.05440188e-03	1.04652435e-03
8.95895896e-01	1.04880636e-03	1.04066081e-03
9.00900901e-01	1.04292711e-03	1.03450626e-03
9.05905906e-01	1.03676504e-03	1.02805877e-03
9.10910911e-01	1.03031553e-03	1.02131640e-03
9.15915916e-01	1.02357612e-03	1.01427724e-03
9.20920921e-01	1.01654914e-03	1.00693939e-03
9.25925926e-01	1.00922845e-03	9.99300968e-04
9.30930931e-01	1.00161430e-03	9.91360115e-04
9.35935936e-01	9.93707591e-04	9.83114979e-04
9.40940941e-01	9.85499873e-04	9.74563729e-04
9.45945946e-01	9.76997061e-04	9.65704547e-04
9.50950951e-01	9.68187175e-04	9.56535634e-04
9.55955956e-01	9.59075264e-04	9.47055206e-04
9.60960961e-01	9.49660090e-04	9.37261495e-04
9.65965966e-01	9.39939601e-04	9.27152750e-04
9.70970971e-01	9.29913776e-04	9.16727235e-04
9.75975976e-01	9.19579023e-04	9.05983231e-04
9.80980981e-01	9.08936027e-04	8.94919036e-04
9.85985986e-01	8.97981513e-04	8.83532961e-04
9.90990991e-01	8.86715080e-04	8.71823336e-04
9.95995996e-01	8.75135499e-04	8.59788507e-04
1.00100100e+00	8.63239610e-04	8.47426836e-04
1.00600601e+00	8.51029842e-04	8.34736700e-04
1.01101101e+00	8.38498713e-04	8.21716492e-04
1.01601602e+00	8.25651027e-04	8.08364624e-04
1.02102102e+00	8.12481892e-04	7.94679522e-04
1.02602603e+00	7.98990475e-04	7.80659628e-04
1.03103103e+00	7.85177963e-04	7.66303400e-04
1.03603604e+00	7.71038694e-04	7.51609314e-04
1.04104104e+00	7.56574496e-04	7.36575861e-04
1.04604605e+00	7.41784969e-04	7.21201547e-04
1.05105105e+00	7.26665429e-04	7.05484896e-04
1.05605606e+00	7.11216776e-04	6.89424448e-04
1.06106106e+00	6.95436057e-04	6.73018758e-04
1.06606607e+00	6.79320418e-04	6.56266399e-04
1.07107107e+00	6.62870078e-04	6.39165958e-04
1.07607608e+00	6.46086750e-04	6.21716039e-04
1.08108108e+00	6.28969184e-04	6.03915264e-04
1.08608609e+00	6.11516158e-04	5.85762268e-04
1.09109109e+00	5.93723973e-04	5.67255705e-04
1.09609610e+00	5.75594048e-04	5.48394243e-04
1.10110110e+00	5.57125424e-04	5.29176567e-04
1.10610611e+00	5.38317003e-04	5.09601380e-04
1.11111111e+00	5.19167715e-04	4.89667398e-04
1.11611612e+00	4.99676525e-04	4.69373356e-04
1.12112112e+00	4.79840891e-04	4.48718002e-04
1.12612613e+00	4.59661555e-04	4.27700104e-04
1.13113113e+00	4.39137566e-04	4.06318443e-04
1.13613614e+00	4.18268001e-04	3.84571818e-04
1.14114114e+00	3.83305981e-04	3.62459043e-04
1.14614615e+00	3.75488581e-04	3.39978950e-04
1.15115115e+00	3.53577014e-04	3.17130386e-04
1.15615616e+00	3.31316446e-04	2.93912212e-04
1.16116116e+00	3.08703535e-04	2.70323310e-04
1.16616617e+00	2.85732456e-04	2.46362574e-04
1.17117117e+00	2.62410051e-04	2.22028917e-04
1.17617618e+00	2.38735610e-04	1.97321265e-04
1.18118118e+00	2.14708452e-04	1.72238564e-04
1.18618619e+00	1.90327918e-04	1.46779774e-04
1.19119119e+00	1.65593380e-04	1.20943870e-04
1.19619620e+00	1.40504228e-04	9.47298469e-05
1.20120120e+00	1.15059883e-04	6.81367120e-05
1.20620621e+00	8.92597876e-05	4.11634909e-05
1.21121121e+00	6.31034115e-05	1.38092248e-05
1.21621622e+00	3.65902449e-05	-1.39270288e-05
1.22122122e+00	9.71872405e-06	-4.20461964e-05
1.22622623e+00	-1.75108920e-05	-7.05491881e-05
1.23123123e+00	-4.50987731e-05	-9.94368978e-05
1.23623624e+00	-7.30453275e-05	-1.28710203e-04
1.24124124e+00	-1.01350940e-04	-1.58369967e-04
1.24624625e+00	-1.30015974e-04	-1.88417033e-04
1.25125125e+00	-1.59042468e-04	-2.18852231e-04
1.25625626e+00	-1.88433509e-04	-2.49676374e-04
1.26126126e+00	-2.20124936e-04	-2.80890259e-04
1.26626627e+00	-2.50235613e-04	-3.12494667e-04
1.27127127e+00	-2.80708629e-04	-3.44490362e-04
1.27627628e+00	-3.11543922e-04	-3.76878093e-04
1.28128128e+00	-3.42740658e-04	-4.09658590e-04
1.28628629e+00	-3.74264130e-04	-4.42832572e-04
1.29129129e+00	-4.04304996e-04	-4.76400736e-04
1.29629630e+00	-4.36593361e-04	-5.10363767e-04
1.30130130e+00	-4.69243815e-04	-5.44722331e-04
1.30630631e+00	-5.02259379e-04	-5.79477081e-04
1.31131131e+00	-5.35637238e-04	-6.14628650e-04
1.31631632e+00	-5.69378198e-04	-6.50177658e-04
1.32132132e+00	-6.03483881e-04	-6.86124707e-04
1.32632633e+00	-6.37951941e-04	-7.22470384e-04
1.33133133e+00	-6.72784787e-04	-7.59215258e-04
1.33633634e+00	-7.07980847e-04	-7.96359884e-04
1.34134134e+00	-7.43542925e-04	-8.33904799e-04
1.34634635e+00	-7.79472815e-04	-8.71850525e-04
1.35135135e+00	-8.15765600e-04	-9.10197567e-04
1.35635636e+00	-8.52423179e-04	-9.48946415e-04
1.36136136e+00	-8.89443182e-04	-9.88097541e-04
1.36636637e+00	-9.26827979e-04	-1.02765140e-03
1.37137137e+00	-9.64575020e-04	-1.06760844e-03
1.37637638e+00	-1.00268637e-03	-1.10796908e-03
1.38138138e+00	-1.04116006e-03	-1.14873372e-03
1.38638639e+00	-1.07999711e-03	-1.18990277e-03
1.39139139e+00	-1.11919683e-03	-1.23147659e-03
1.39639640e+00	-1.15875853e-03	-1.27345555e-03
1.40140140e+00	-1.19868347e-03	-1.31583999e-03
1.40640641e+00	-1.23896931e-03	-1.35863023e-03
1.41141141e+00	-1.27961772e-03	-1.40182659e-03
1.41641642e+00	-1.32062727e-03	-1.44542937e-03
1.42142142e+00	-1.36199863e-03	-1.48943883e-03
1.42642643e+00	-1.40374011e-03	-1.53385525e-03
1.43143143e+00	-1.44584126e-03	-1.57867887e-03
1.43643644e+00	-1.48830170e-03	-1.62390991e-03
1.44144144e+00	-1.53112275e-03	-1.66954861e-03
1.44644645e+00	-1.57430252e-03	-1.71559514e-03
1.45145145e+00	-1.61784037e-03	-1.76204969e-03
1.45645646e+00	-1.66173644e-03	-1.80891244e-03
1.46146146e+00	-1.70599070e-03	-1.85618352e-03
1.46646647e+00	-1.75060162e-03	-1.90386307e-03
1.47147147e+00	-1.79556870e-03	-1.95195120e-03
1.47647648e+00	-1.84089144e-03	-2.00044803e-03
1.48148148e+00	-1.88657038e-03	-2.04935362e-03
1.48648649e+00	-1.93260372e-03	-2.09866805e-03
1.49149149e+00	-1.97899086e-03	-2.14839138e-03
1.49649650e+00	-2.02573117e-03	-2.19852363e-03
1.50150150e+00	-2.07282863e-03	-2.24906483e-03
1.50650651e+00	-2.12027899e-03	-2.30001498e-03
1.51151151e+00	-2.16808109e-03	-2.35137406e-03
1.51651652e+00	-2.21623353e-03	-2.40314206e-03
1.52152152e+00	-2.26473551e-03	-2.45531891e-03
1.52652653e+00	-2.31358624e-03	-2.50790457e-03
1.53153153e+00	-2.36278489e-03	-2.56089895e-03
1.53653654e+00	-2.41233064e-03	-2.61430196e-03
1.54154154e+00	-2.46222259e-03	-2.66811348e-03
1.54654655e+00	-2.51245987e-03	-2.72233341e-03
1.55155155e+00	-2.56304154e-03	-2.77696158e-03
1.55655656e+00	-2.61396665e-03	-2.83199784e-03
1.56156156e+00	-2.66523424e-03	-2.88744202e-03
1.56656657e+00	-2.71684330e-03	-2.94329392e-03
1.57157157e+00	-2.76879400e-03	-2.99955335e-03
1.57657658e+00	-2.82108853e-03	-3.05622007e-03
1.58158158e+00	-2.87372139e-03	-3.11329384e-03
1.58658659e+00	-2.92669148e-03	-3.17077441e-03
1.59159159e+00	-2.97999769e-03	-3.22866151e-03
1.59659660e+00	-3.03363884e-03	-3.28695485e-03
1.60160160e+00	-3.08761377e-03	-3.34565413e-03
1.60660661e+00	-3.14192154e-03	-3.40475902e-03
1.61161161e+00	-3.19656100e-03	-3.46426918e-03
1.61661662e+00	-3.25153059e-03	-3.52418427e-03
1.62162162e+00	-3.30682903e-03	-3.58450391e-03
1.62662663e+00	-3.36245503e-03	-3.64522772e-03
1.63163163e+00	-3.41840724e-03	-3.70635530e-03
1.63663664e+00	-3.47468464e-03	-3.76788623e-03
1.64164164e+00	-3.53128850e-03	-3.82982008e-03
1.64664665e+00	-3.58822134e-03	-3.89215639e-03
1.65165165e+00	-3.64547490e-03	-3.95489470e-03
1.65665666e+00	-3.70304777e-03	-4.01803452e-03
1.66166166e+00	-3.76093945e-03	-4.08157536e-03
1.66666667e+00	-3.81914742e-03	-4.14551671e-03
1.67167167e+00	-3.87767017e-03	-4.20985802e-03
1.67667668e+00	-3.93650675e-03	-4.27459876e-03
1.68168168e+00	-3.99565559e-03	-4.33973836e-03
1.68668669e+00	-4.05511449e-03	-4.40527624e-03
1.69169169e+00	-4.11488239e-03	-4.47121180e-03
1.69669670e+00	-4.17495783e-03	-4.53754443e-03
1.70170170e+00	-4.23533840e-03	-4.60427350e-03
1.70670671e+00	-4.29602333e-03	-4.67139838e-03
1.71171171e+00	-4.35701523e-03	-4.73891839e-03
1.71671672e+00	-4.41830799e-03	-4.80683286e-03
1.72172172e+00	-4.47990023e-03	-4.87514110e-03
1.72672673e+00	-4.54178888e-03	-4.94384240e-03
1.73173173e+00	-4.60397337e-03	-5.01293602e-03
1.73673674e+00	-4.66645092e-03	-5.08242124e-03
1.74174174e+00	-4.72922033e-03	-5.15229729e-03
1.74674675e+00	-4.79227934e-03	-5.22256340e-03
1.75175175e+00	-4.85562633e-03	-5.29321877e-03
1.75675676e+00	-4.91925919e-03	-5.36426261e-03
1.76176176e+00	-4.98317620e-03	-5.43569408e-03
1.76676677e+00	-5.04737506e-03	-5.50751235e-03
1.77177177e+00	-5.11185432e-03	-5.57971656e-03
1.77677678e+00	-5.17661654e-03	-5.65230585e-03
1.78178178e+00	-5.24165547e-03	-5.72527932e-03
1.78678679e+00	-5.30696782e-03	-5.79863607e-03
1.79179179e+00	-5.37255246e-03	-5.87237518e-03
1.79679680e+00	-5.43840678e-03	-5.94649571e-03
1.80180180e+00	-5.50452843e-03	-6.02099671e-03
1.80680681e+00	-5.57091618e-03	-6.09587722e-03
1.81181181e+00	-5.63756685e-03	-6.17113624e-03
1.81681682e+00	-5.70447853e-03	-6.24677279e-03
1.82182182e+00	-5.77164950e-03	-6.32278583e-03
1.82682683e+00	-5.83907677e-03	-6.39917433e-03
1.83183183e+00	-5.90675812e-03	-6.47593725e-03
1.83683684e+00	-5.97469719e-03	-6.55307353e-03
1.84184184e+00	-6.04288952e-03	-6.63058207e-03
1.84684685e+00	-6.11132899e-03	-6.70846178e-03
1.85185185e+00	-6.18001341e-03	-6.78671154e-03
1.85685686e+00	-6.24894070e-03	-6.86533023e-03
1.86186186e+00	-6.31810792e-03	-6.94431670e-03
1.86686687e+00	-6.38751264e-03	-7.02366978e-03
1.87187187e+00	-6.45715241e-03	-7.10338829e-03
1.87687688e+00	-6.52702496e-03	-7.18347105e-03
1.88188188e+00	-6.59712773e-03	-7.26391683e-03
1.88688689e+00	-6.66745793e-03	-7.34472442e-03
1.89189189e+00	-6.73801298e-03	-7.42589256e-03
1.89689690e+00	-6.80879322e-03	-7.50741999e-03
1.90190190e+00	-6.87979542e-03	-7.58930545e-03
1.90690691e+00	-6.95101460e-03	-7.67154763e-03
1.91191191e+00	-7.02244807e-03	-7.75414523e-03
1.91691692e+00	-7.09409330e-03	-7.83709692e-03
1.92192192e+00	-7.16594735e-03	-7.92040136e-03
1.92692693e+00	-7.23800743e-03	-8.00405719e-03
1.93193193e+00	-7.31027076e-03	-8.08806305e-03
1.93693694e+00	-7.38273450e-03	-8.17241753e-03
1.94194194e+00	-7.45539582e-03	-8.25711924e-03
1.94694695e+00	-7.52825183e-03	-8.34216675e-03
1.95195195e+00	-7.60129963e-03	-8.42755862e-03
1.95695696e+00	-7.67454101e-03	-8.51329340e-03
1.96196196e+00	-7.74796878e-03	-8.59936961e-03
1.96696697e+00	-7.82157947e-03	-8.68578578e-03
1.97197197e+00	-7.89537007e-03	-8.77254039e-03
1.97697698e+00	-7.96933755e-03	-8.85963193e-03
1.98198198e+00	-8.04347901e-03	-8.94705886e-03
1.98698699e+00	-8.11779121e-03	-9.03481963e-03
1.99199199e+00	-8.19227102e-03	-9.12291267e-03
1.99699700e+00	-8.26691527e-03	-9.21133640e-03
2.00200200e+00	-8.34172081e-03	-9.30008921e-03
2.00700701e+00	-8.41668442e-03	-9.38916949e-03
2.01201201e+00	-8.49180807e-03	-9.47857561e-03
2.01701702e+00	-8.56708697e-03	-9.56830592e-03
2.02202202e+00	-8.64251439e-03	-9.65835874e-03
2.02702703e+00	-8.71808683e-03	-9.74873241e-03
2.03203203e+00	-8.79380094e-03	-9.83942522e-03
2.03703704e+00	-8.86965336e-03	-9.93043546e-03
2.04204204e+00	-8.94564104e-03	-1.00217614e-02
2.04704705e+00	-9.02176035e-03	-1.01134013e-02
2.05205205e+00	-9.09800770e-03	-1.02053534e-02
2.05705706e+00	-9.17437962e-03	-1.02976159e-02
2.06206206e+00	-9.25087314e-03	-1.03901870e-02
2.06706707e+00	-9.32748728e-03	-1.04830649e-02
2.07207207e+00	-9.40421744e-03	-1.05762477e-02
2.07707708e+00	-9.48105846e-03	-1.06697338e-02
2.08208208e+00	-9.55800643e-03	-1.07635211e-02
2.08708709e+00	-9.63505756e-03	-1.08576077e-02
2.09209209e+00	-9.71220877e-03	-1.09519919e-02
2.09709710e+00	-9.78945584e-03	-1.10466717e-02
2.10210210e+00	-9.86679518e-03	-1.11416452e-02
2.10710711e+00	-9.94422335e-03	-1.12369104e-02
2.11211211e+00	-1.00217361e-02	-1.13324654e-02
2.11711712e+00	-1.00993302e-02	-1.14283081e-02
2.12212212e+00	-1.01770057e-02	-1.15244367e-02
2.12712713e+00	-1.02547554e-02	-1.16208491e-02
2.13213213e+00	-1.03325745e-02	-1.17175433e-02
2.13713714e+00	-1.04104593e-02	-1.18145172e-02
2.14214214e+00	-1.04884058e-02	-1.19117688e-02
2.14714715e+00	-1.05664101e-02	-1.20092960e-02
2.15215215e+00	-1.06444680e-02	-1.21070968e-02
2.15715716e+00	-1.07225759e-02	-1.22051690e-02
2.16216216e+00	-1.08007292e-02	-1.23035105e-02
2.16716717e+00	-1.08789245e-02	-1.24021192e-02
2.17217217e+00	-1.09571608e-02	-1.25009929e-02
2.17717718e+00	-1.10354355e-02	-1.26001295e-02
2.18218218e+00	-1.11137394e-02	-1.26995267e-02
2.18718719e+00	-1.11920684e-02	-1.27991824e-02
2.19219219e+00	-1.12704184e-02	-1.28990944e-02
2.19719720e+00	-1.13487850e-02	-1.29992604e-02
2.20220220e+00	-1.14271641e-02	-1.30996782e-02
2.20720721e+00	-1.15055514e-02	-1.32003455e-02
2.21221221e+00	-1.15839424e-02	-1.33012600e-02
2.21721722e+00	-1.16623329e-02	-1.34024195e-02
2.22222222e+00	-1.17407198e-02	-1.35038216e-02
2.22722723e+00	-1.18191010e-02	-1.36054640e-02
2.23223223e+00	-1.18974684e-02	-1.37073443e-02
2.23723724e+00	-1.19758180e-02	-1.38094602e-02
2.24224224e+00	-1.20541447e-02	-1.39118093e-02
2.24724725e+00	-1.21324442e-02	-1.40143892e-02
2.25225225e+00	-1.22107119e-02	-1.41171975e-02
2.25725726e+00	-1.22889435e-02	-1.42202318e-02
2.26226226e+00	-1.23671342e-02	-1.43234896e-02
2.26726727e+00	-1.24452793e-02	-1.44269685e-02
2.27227227e+00	-1.25233755e-02	-1.45306660e-02
2.27727728e+00	-1.26014204e-02	-1.46345795e-02
2.28228228e+00	-1.26794057e-02	-1.47387067e-02
2.28728729e+00	-1.27573267e-02	-1.48430450e-02
2.29229229e+00	-1.28351787e-02	-1.49475917e-02
2.29729730e+00	-1.29129568e-02	-1.50523445e-02
2.30230230e+00	-1.29906562e-02	-1.51573006e-02
2.30730731e+00	-1.30682719e-02	-1.52624576e-02
2.31231231e+00	-1.31457992e-02	-1.53678128e-02
2.31731732e+00	-1.32232331e-02	-1.54733635e-02
2.32232232e+00	-1.33005728e-02	-1.55791072e-02
2.32732733e+00	-1.33778133e-02	-1.56850412e-02
2.33233233e+00	-1.34549456e-02	-1.57911628e-02
2.33733734e+00	-1.35319645e-02	-1.58974694e-02
2.34234234e+00	-1.36088650e-02	-1.60039582e-02
2.34734735e+00	-1.36856420e-02	-1.61106265e-02
2.35235235e+00	-1.37622905e-02	-1.62174716e-02
2.35735736e+00	-1.38388052e-02	-1.63244907e-02
2.36236236e+00	-1.39151810e-02	-1.64316811e-02
2.36736737e+00	-1.39914126e-02	-1.65390400e-02
2.37237237e+00	-1.40674994e-02	-1.66465645e-02
2.37737738e+00	-1.41434318e-02	-1.67542519e-02
2.38238238e+00	-1.42192043e-02	-1.68620994e-02
2.38738739e+00	-1.42948117e-02	-1.69701040e-02
2.39239239e+00	-1.43702484e-02	-1.70782630e-02
2.39739740e+00	-1.44455092e-02	-1.71865734e-02
2.40240240e+00	-1.45205885e-02	-1.72950323e-02
2.40740741e+00	-1.45954810e-02	-1.74036369e-02
2.41241241e+00	-1.46701811e-02	-1.75123841e-02
2.41741742e+00	-1.47446863e-02	-1.76212711e-02
2.42242242e+00	-1.48189902e-02	-1.77302950e-02
2.42742743e+00	-1.48930851e-02	-1.78394526e-02
2.43243243e+00	-1.49669654e-02	-1.79487410e-02
2.43743744e+00	-1.50406258e-02	-1.80581573e-02
2.44244244e+00	-1.51140604e-02	-1.81676984e-02
2.44744745e+00	-1.51872635e-02	-1.82773612e-02
2.45245245e+00	-1.52602294e-02	-1.83871426e-02
2.45745746e+00	-1.53329526e-02	-1.84970397e-02
2.46246246e+00	-1.54054302e-02	-1.86070493e-02
2.46746747e+00	-1.54776582e-02	-1.87171683e-02
2.47247247e+00	-1.55496261e-02	-1.88273936e-02
2.47747748e+00	-1.56213277e-02	-1.89377221e-02
2.48248248e+00	-1.56927574e-02	-1.90481505e-02
2.48748749e+00	-1.57639092e-02	-1.91586758e-02
2.49249249e+00	-1.58347769e-02	-1.92692946e-02
2.49749750e+00	-1.59053550e-02	-1.93800040e-02
2.50250250e+00	-1.59756371e-02	-1.94908005e-02
2.50750751e+00	-1.60456189e-02	-1.96016809e-02
2.51251251e+00	-1.61152958e-02	-1.97126421e-02
2.51751752e+00	-1.61846586e-02	-1.98236808e-02
2.52252252e+00	-1.62537012e-02	-1.99347936e-02
2.52752753e+00	-1.63224174e-02	-2.00459772e-02
2.53253253e+00	-1.63908011e-02	-2.01572284e-02
2.53753754e+00	-1.64588459e-02	-2.02685438e-02
2.54254254e+00	-1.65265458e-02	-2.03799200e-02
2.54754755e+00	-1.65938942e-02	-2.04913538e-02
2.55255255e+00	-1.66608874e-02	-2.06028416e-02
2.55755756e+00	-1.67275189e-02	-2.07143802e-02
2.56256256e+00	-1.67937801e-02	-2.08259660e-02
2.56756757e+00	-1.68596645e-02	-2.09375957e-02
2.57257257e+00	-1.69251657e-02	-2.10492658e-02
2.57757758e+00	-1.69902773e-02	-2.11609728e-02
2.58258258e+00	-1.70549927e-02	-2.12727133e-02
2.58758759e+00	-1.71193053e-02	-2.13844838e-02
2.59259259e+00	-1.71832088e-02	-2.14962807e-02
2.59759760e+00	-1.72467027e-02	-2.16081006e-02
2.60260260e+00	-1.73097757e-02	-2.17199399e-02
2.60760761e+00	-1.73724197e-02	-2.18317949e-02
2.61261261e+00	-1.74346279e-02	-2.19436622e-02
2.61761762e+00	-1.74963936e-02	-2.20555382e-02
2.62262262e+00	-1.75577100e-02	-2.21674192e-02
2.62762763e+00	-1.76185705e-02	-2.22793016e-02
2.63263263e+00	-1.76789681e-02	-2.23911818e-02
2.63763764e+00	-1.77388970e-02	-2.25030561e-02
2.64264264e+00	-1.77983530e-02	-2.26149209e-02
2.64764765e+00	-1.78573255e-02	-2.27267724e-02
2.65265265e+00	-1.79158077e-02	-2.28386069e-02
2.65765766e+00	-1.79737926e-02	-2.29504208e-02
2.66266266e+00	-1.80312731e-02	-2.30622102e-02
2.66766767e+00	-1.80882423e-02	-2.31739715e-02
2.67267267e+00	-1.81446931e-02	-2.32857008e-02
2.67767768e+00	-1.82006184e-02	-2.33973944e-02
2.68268268e+00	-1.82560147e-02	-2.35090484e-02
2.68768769e+00	-1.83108722e-02	-2.36206591e-02
2.69269269e+00	-1.83651827e-02	-2.37322226e-02
2.69769770e+00	-1.84189391e-02	-2.38437350e-02
2.70270270e+00	-1.84721340e-02	-2.39551925e-02
2.70770771e+00	-1.85247603e-02	-2.40665912e-02
2.71271271e+00	-1.85768106e-02	-2.41779272e-02
2.71771772e+00	-1.86282776e-02	-2.42891966e-02
2.72272272e+00	-1.86791577e-02	-2.44003954e-02
2.72772773e+00	-1.87294436e-02	-2.45115197e-02
2.73273273e+00	-1.87791240e-02	-2.46225656e-02
2.73773774e+00	-1.88281913e-02	-2.47335290e-02
2.74274274e+00	-1.88766382e-02	-2.48444059e-02
2.74774775e+00	-1.89244570e-02	-2.49551924e-02
2.75275275e+00	-1.89716403e-02	-2.50658843e-02
2.75775776e+00	-1.90181803e-02	-2.51764777e-02
2.76276276e+00	-1.90640710e-02	-2.52869685e-02
2.76776777e+00	-1.91093062e-02	-2.53973526e-02
2.77277277e+00	-1.91538752e-02	-2.55076259e-02
2.77777778e+00	-1.91977704e-02	-2.56177844e-02
2.78278278e+00	-1.92409839e-02	-2.57278237e-02
2.78778779e+00	-1.92835080e-02	-2.58377400e-02
2.79279279e+00	-1.93253348e-02	-2.59475288e-02
2.79779780e+00	-1.93664565e-02	-2.60571862e-02
2.80280280e+00	-1.94068664e-02	-2.61667079e-02
2.80780781e+00	-1.94465587e-02	-2.62760897e-02
2.81281281e+00	-1.94855221e-02	-2.63853273e-02
2.81781782e+00	-1.95237486e-02	-2.64944165e-02
2.82282282e+00	-1.95612303e-02	-2.66033531e-02
2.82782783e+00	-1.95979591e-02	-2.67121328e-02
2.83283283e+00	-1.96339270e-02	-2.68207513e-02
2.83783784e+00	-1.96691257e-02	-2.69292043e-02
2.84284284e+00	-1.97035497e-02	-2.70374874e-02
2.84784785e+00	-1.97371935e-02	-2.71455964e-02
2.85285285e+00	-1.97700436e-02	-2.72535268e-02
2.85785786e+00	-1.98020918e-02	-2.73612744e-02
2.86286286e+00	-1.98333300e-02	-2.74688347e-02
2.86786787e+00	-1.98637497e-02	-2.75762032e-02
2.87287287e+00	-1.98933427e-02	-2.76833757e-02
2.87787788e+00	-1.99221005e-02	-2.77903476e-02
2.88288288e+00	-1.99500170e-02	-2.78971146e-02
2.88788789e+00	-1.99770837e-02	-2.80036720e-02
2.89289289e+00	-2.00032899e-02	-2.81100155e-02
2.89789790e+00	-2.00286272e-02	-2.82161406e-02
2.90290290e+00	-2.00530870e-02	-2.83220427e-02
2.90790791e+00	-2.00766607e-02	-2.84277173e-02
2.91291291e+00	-2.00993398e-02	-2.85331598e-02
2.91791792e+00	-2.01211156e-02	-2.86383657e-02
2.92292292e+00	-2.01419828e-02	-2.87433305e-02
2.92792793e+00	-2.01619303e-02	-2.88480494e-02
2.93293293e+00	-2.01809484e-02	-2.89525179e-02
2.93793794e+00	-2.01990284e-02	-2.90567313e-02
2.94294294e+00	-2.02161614e-02	-2.91606851e-02
2.94794795e+00	-2.02323386e-02	-2.92643745e-02
2.95295295e+00	-2.02475512e-02	-2.93677949e-02
2.95795796e+00	-2.02617914e-02	-2.94709416e-02
2.96296296e+00	-2.02750553e-02	-2.95738098e-02
2.96796797e+00	-2.02873278e-02	-2.96763949e-02
2.97297297e+00	-2.02985999e-02	-2.97786920e-02
2.97797798e+00	-2.03088625e-02	-2.98806965e-02
2.98298298e+00	-2.03181066e-02	-2.99824035e-02
2.98798799e+00	-2.03263230e-02	-3.00838083e-02
2.99299299e+00	-2.03335026e-02	-3.01849060e-02
2.99799800e+00	-2.03396390e-02	-3.02856918e-02
3.00300300e+00	-2.03447218e-02	-3.03861610e-02
3.00800801e+00	-2.03487402e-02	-3.04863085e-02
3.01301301e+00	-2.03516850e-02	-3.05861297e-02
3.01801802e+00	-2.03535468e-02	-3.06856194e-02
3.02302302e+00	-2.03543164e-02	-3.07847730e-02
3.02802803e+00	-2.03539843e-02	-3.08835853e-02
3.03303303e+00	-2.03525420e-02	-3.09820516e-02
3.03803804e+00	-2.03499826e-02	-3.10801668e-02
3.04304304e+00	-2.03462932e-02	-3.11779260e-02
3.04804805e+00	-2.03414644e-02	-3.12753241e-02
3.05305305e+00	-2.03354866e-02	-3.13723562e-02
3.05805806e+00	-2.03283503e-02	-3.14690173e-02
3.06306306e+00	-2.03200457e-02	-3.15653024e-02
3.06806807e+00	-2.03105634e-02	-3.16612062e-02
3.07307307e+00	-2.02998998e-02	-3.17567239e-02
3.07807808e+00	-2.02880401e-02	-3.18518503e-02
3.08308308e+00	-2.02749735e-02	-3.19465804e-02
3.08808809e+00	-2.02606903e-02	-3.20409089e-02
3.09309309e+00	-2.02451805e-02	-3.21348308e-02
3.09809810e+00	-2.02284343e-02	-3.22283409e-02
3.10310310e+00	-2.02104419e-02	-3.23214341e-02
3.10810811e+00	-2.01911959e-02	-3.24141051e-02
3.11311311e+00	-2.01706855e-02	-3.25063488e-02
3.11811812e+00	-2.01488990e-02	-3.25981600e-02
3.12312312e+00	-2.01258265e-02	-3.26895334e-02
3.12812813e+00	-2.01014578e-02	-3.27804638e-02
3.13313313e+00	-2.00757830e-02	-3.28709459e-02
3.13813814e+00	-2.00487918e-02	-3.29609745e-02
3.14314314e+00	-2.00204759e-02	-3.30505442e-02
3.14814815e+00	-1.99908257e-02	-3.31396497e-02
3.15315315e+00	-1.99598286e-02	-3.32282858e-02
3.15815816e+00	-1.99274745e-02	-3.33164470e-02
3.16316316e+00	-1.98937529e-02	-3.34041280e-02
3.16816817e+00	-1.98586536e-02	-3.34913235e-02
3.17317317e+00	-1.98221662e-02	-3.35780279e-02
3.17817818e+00	-1.97842826e-02	-3.36642361e-02
3.18318318e+00	-1.97449950e-02	-3.37499424e-02
3.18818819e+00	-1.97042880e-02	-3.38351414e-02
3.19319319e+00	-1.96621511e-02	-3.39198278e-02
3.19819820e+00	-1.96185738e-02	-3.40039960e-02
3.20320320e+00	-1.95735455e-02	-3.40876406e-02
3.20820821e+00	-1.95270557e-02	-3.41707560e-02
3.21321321e+00	-1.94790950e-02	-3.42533367e-02
3.21821822e+00	-1.94296542e-02	-3.43353772e-02
3.22322322e+00	-1.93787198e-02	-3.44168719e-02
3.22822823e+00	-1.93262811e-02	-3.44978153e-02
3.23323323e+00	-1.92723273e-02	-3.45782017e-02
3.23823824e+00	-1.92168476e-02	-3.46580256e-02
3.24324324e+00	-1.91598311e-02	-3.47372813e-02
3.24824825e+00	-1.91012686e-02	-3.48159633e-02
3.25325325e+00	-1.90411500e-02	-3.48940658e-02
3.25825826e+00	-1.89794620e-02	-3.49715832e-02
3.26326326e+00	-1.89161934e-02	-3.50485098e-02
3.26826827e+00	-1.88513334e-02	-3.51248398e-02
3.27327327e+00	-1.87848708e-02	-3.52005677e-02
3.27827828e+00	-1.87167946e-02	-3.52756877e-02
3.28328328e+00	-1.86470973e-02	-3.53501939e-02
3.28828829e+00	-1.85757674e-02	-3.54240807e-02
3.29329329e+00	-1.85027905e-02	-3.54973423e-02
3.29829830e+00	-1.84281552e-02	-3.55699728e-02
3.30330330e+00	-1.83518502e-02	-3.56419664e-02
3.30830831e+00	-1.82738644e-02	-3.57133174e-02
3.31331331e+00	-1.81941863e-02	-3.57840199e-02
3.31831832e+00	-1.81128075e-02	-3.58540680e-02
3.32332332e+00	-1.80297147e-02	-3.59234558e-02
3.32832833e+00	-1.79448954e-02	-3.59921774e-02
3.33333333e+00	-1.78583382e-02	-3.60602270e-02
3.33833834e+00	-1.77700316e-02	-3.61275985e-02
3.34334334e+00	-1.76799639e-02	-3.61942862e-02
3.34834835e+00	-1.75881235e-02	-3.62602839e-02
3.35335335e+00	-1.74945030e-02	-3.63255857e-02
3.35835836e+00	-1.73990865e-02	-3.63901857e-02
3.36336336e+00	-1.73018625e-02	-3.64540778e-02
3.36836837e+00	-1.72028191e-02	-3.65172560e-02
3.37337337e+00	-1.71019447e-02	-3.65797143e-02
3.37837838e+00	-1.69992274e-02	-3.66414465e-02
3.38338338e+00	-1.68946578e-02	-3.67024467e-02
3.38838839e+00	-1.67882262e-02	-3.67627087e-02
3.39339339e+00	-1.66799160e-02	-3.68222265e-02
3.39839840e+00	-1.65697155e-02	-3.68809939e-02
3.40340340e+00	-1.64576126e-02	-3.69390047e-02
3.40840841e+00	-1.63435952e-02	-3.69962529e-02
3.41341341e+00	-1.62276513e-02	-3.70527322e-02
3.41841842e+00	-1.61097719e-02	-3.71084365e-02
3.42342342e+00	-1.59899427e-02	-3.71633595e-02
3.42842843e+00	-1.58681507e-02	-3.72174951e-02
3.43343343e+00	-1.57443837e-02	-3.72708370e-02
3.43843844e+00	-1.56186294e-02	-3.73233790e-02
3.44344344e+00	-1.54908756e-02	-3.73751147e-02
3.44844845e+00	-1.53611108e-02	-3.74260380e-02
3.45345345e+00	-1.52293248e-02	-3.74761424e-02
3.45845846e+00	-1.50955024e-02	-3.75254218e-02
3.46346346e+00	-1.49596309e-02	-3.75738697e-02
3.46846847e+00	-1.48216980e-02	-3.76214798e-02
3.47347347e+00	-1.46816913e-02	-3.76682458e-02
3.47847848e+00	-1.45395981e-02	-3.77141612e-02
3.48348348e+00	-1.43954111e-02	-3.77592197e-02
3.48848849e+00	-1.42491142e-02	-3.78034148e-02
3.49349349e+00	-1.41006961e-02	-3.78467402e-02
3.49849850e+00	-1.39501381e-02	-3.78891894e-02
3.50350350e+00	-1.37974306e-02	-3.79307558e-02
3.50850851e+00	-1.36425608e-02	-3.79714331e-02
3.51351351e+00	-1.34855172e-02	-3.80112148e-02
3.51851852e+00	-1.33262883e-02	-3.80500943e-02
3.52352352e+00	-1.31648586e-02	-3.80880651e-02
3.52852853e+00	-1.30012153e-02	-3.81251207e-02
3.53353353e+00	-1.28353454e-02	-3.81612544e-02
3.53853854e+00	-1.26672361e-02	-3.81964598e-02
3.54354354e+00	-1.24968742e-02	-3.82307303e-02
3.54854855e+00	-1.23242506e-02	-3.82640592e-02
3.55355355e+00	-1.21493485e-02	-3.82964398e-02
3.55855856e+00	-1.19721546e-02	-3.83278657e-02
3.56356356e+00	-1.17926559e-02	-3.83583301e-02
3.56856857e+00	-1.16108392e-02	-3.83878263e-02
3.57357357e+00	-1.14266912e-02	-3.84163476e-02
3.57857858e+00	-1.12402035e-02	-3.84438874e-02
3.58358358e+00	-1.10513577e-02	-3.84704390e-02
3.58858859e+00	-1.08601431e-02	-3.84959955e-02
3.59359359e+00	-1.06665440e-02	-3.85205502e-02
3.59859860e+00	-1.04705471e-02	-3.85440965e-02
3.60360360e+00	-1.02721389e-02	-3.85666274e-02
3.60860861e+00	-1.00713076e-02	-3.85881361e-02
3.61361361e+00	-9.86804010e-03	-3.86086160e-02
3.61861862e+00	-9.66232073e-03	-3.86280600e-02
3.62362362e+00	-9.45413593e-03	-3.86464615e-02
3.62862863e+00	-9.24347209e-03	-3.86638134e-02
3.63363363e+00	-9.03031553e-03	-3.86801090e-02
3.63863864e+00	-8.81465361e-03	-3.86953413e-02
3.64364364e+00	-8.59647428e-03	-3.87095034e-02
3.64864865e+00	-8.37576102e-03	-3.87225883e-02
3.65365365e+00	-8.15250004e-03	-3.87345892e-02
3.65865866e+00	-7.92667750e-03	-3.87454991e-02
3.66366366e+00	-7.69827949e-03	-3.87553109e-02
3.66866867e+00	-7.46729311e-03	-3.87640178e-02
3.67367367e+00	-7.23370905e-03	-3.87716126e-02
3.67867868e+00	-6.99750768e-03	-3.87780884e-02
3.68368368e+00	-6.75867495e-03	-3.87834380e-02
3.68868869e+00	-6.51719679e-03	-3.87876545e-02
3.69369369e+00	-6.27305911e-03	-3.87907308e-02
3.69869870e+00	-6.02624798e-03	-3.87926597e-02
3.70370370e+00	-5.77675248e-03	-3.87934342e-02
3.70870871e+00	-5.52455490e-03	-3.87930471e-02
3.71371371e+00	-5.26964098e-03	-3.87914913e-02
3.71871872e+00	-5.01199643e-03	-3.87887597e-02
3.72372372e+00	-4.75160690e-03	-3.87848450e-02
3.72872873e+00	-4.48845817e-03	-3.87797400e-02
3.73373373e+00	-4.22253926e-03	-3.87734377e-02
3.73873874e+00	-3.95383217e-03	-3.87659306e-02
3.74374374e+00	-3.68232241e-03	-3.87572117e-02
3.74874875e+00	-3.40799543e-03	-3.87472736e-02
3.75375375e+00	-3.13083672e-03	-3.87361090e-02
3.75875876e+00	-2.85083196e-03	-3.87237108e-02
3.76376376e+00	-2.56797245e-03	-3.87100715e-02
3.76876877e+00	-2.28223730e-03	-3.86951839e-02
3.77377377e+00	-1.99361177e-03	-3.86790405e-02
3.77877878e+00	-1.70208111e-03	-3.86616342e-02
3.78378378e+00	-1.40763056e-03	-3.86429574e-02
3.78878879e+00	-1.11024570e-03	-3.86230029e-02
3.79379379e+00	-8.09914498e-04	-3.86017632e-02
3.79879880e+00	-5.06618799e-04	-3.85792308e-02
3.80380380e+00	-2.00343685e-04	-3.85553984e-02
3.80880881e+00	1.08925839e-04	-3.85302585e-02
3.81381381e+00	4.21204787e-04	-3.85038037e-02
3.81881882e+00	7.36507396e-04	-3.84760264e-02
3.82382382e+00	1.05484674e-03	-3.84469191e-02
3.82882883e+00	1.37624076e-03	-3.84164745e-02
3.83383383e+00	1.70070464e-03	-3.83846848e-02
3.83883884e+00	2.02825359e-03	-3.83515426e-02
3.84384384e+00	2.35890285e-03	-3.83170402e-02
3.84884885e+00	2.69266525e-03	-3.82811702e-02
3.85385385e+00	3.02955454e-03	-3.82439250e-02
3.85885886e+00	3.36959008e-03	-3.82052968e-02
3.86386386e+00	3.71278729e-03	-3.81652781e-02
3.86886887e+00	4.05916160e-03	-3.81238613e-02
3.87387387e+00	4.40872848e-03	-3.80810386e-02
3.87887888e+00	4.76150135e-03	-3.80368024e-02
3.88388388e+00	5.11749633e-03	-3.79911451e-02
3.88888889e+00	5.47673052e-03	-3.79440588e-02
3.89389389e+00	5.83921957e-03	-3.78955359e-02
3.89889890e+00	6.20497913e-03	-3.78455687e-02
3.90390390e+00	6.57402491e-03	-3.77941493e-02
3.90890891e+00	6.94636970e-03	-3.77412700e-02
3.91391391e+00	7.32203159e-03	-3.76869230e-02
3.91891892e+00	7.70102703e-03	-3.76311005e-02
3.92392392e+00	8.08337190e-03	-3.75737947e-02
3.92892893e+00	8.46908209e-03	-3.75149977e-02
3.93393393e+00	8.85817286e-03	-3.74547017e-02
3.93893894e+00	9.25065514e-03	-3.73928989e-02
3.94394394e+00	9.64655066e-03	-3.73295812e-02
3.94894895e+00	1.00458755e-02	-3.72647409e-02
3.95395395e+00	1.04486456e-02	-3.71983699e-02
3.95895896e+00	1.08548773e-02	-3.71304604e-02
3.96396396e+00	1.12645852e-02	-3.70610045e-02
3.96896897e+00	1.16777849e-02	-3.69899940e-02
3.97397397e+00	1.20944947e-02	-3.69174212e-02
3.97897898e+00	1.25147310e-02	-3.68432778e-02
3.98398398e+00	1.29385100e-02	-3.67675560e-02
3.98898899e+00	1.33658481e-02	-3.66902478e-02
3.99399399e+00	1.37967589e-02	-3.66113449e-02
3.99899900e+00	1.42312609e-02	-3.65308395e-02
4.00400400e+00	1.46693713e-02	-3.64487234e-02
4.00900901e+00	1.51111067e-02	-3.63649884e-02
4.01401401e+00	1.55564836e-02	-3.62796266e-02
4.01901902e+00	1.60055173e-02	-3.61926297e-02
4.02402402e+00	1.64582207e-02	-3.61039896e-02
4.02902903e+00	1.69146156e-02	-3.60136982e-02
4.03403403e+00	1.73747185e-02	-3.59217473e-02
4.03903904e+00	1.78385463e-02	-3.58281286e-02
4.04404404e+00	1.83061158e-02	-3.57328340e-02
4.04904905e+00	1.87774416e-02	-3.56358552e-02
4.05405405e+00	1.92525414e-02	-3.55371840e-02
4.05905906e+00	1.97314336e-02	-3.54368122e-02
4.06406406e+00	2.02141350e-02	-3.53347314e-02
4.06906907e+00	2.07006626e-02	-3.52309333e-02
4.07407407e+00	2.11910330e-02	-3.51254097e-02
4.07907908e+00	2.16852607e-02	-3.50181523e-02
4.08408408e+00	2.21833658e-02	-3.49091526e-02
4.08908909e+00	2.26853655e-02	-3.47984023e-02
4.09409409e+00	2.31912770e-02	-3.46858931e-02
4.09909910e+00	2.37011174e-02	-3.45716166e-02
4.10410410e+00	2.42149001e-02	-3.44555643e-02
4.10910911e+00	2.47326441e-02	-3.43377279e-02
4.11411411e+00	2.52543690e-02	-3.42180988e-02
4.11911912e+00	2.57800922e-02	-3.40966687e-02
4.12412412e+00	2.63098310e-02	-3.39734291e-02
4.12912913e+00	2.68436024e-02	-3.38483714e-02
4.13413413e+00	2.73814217e-02	-3.37214872e-02
4.13913914e+00	2.79233092e-02	-3.35927680e-02
4.14414414e+00	2.84692824e-02	-3.34622052e-02
4.14914915e+00	2.90193591e-02	-3.33297903e-02
4.15415415e+00	2.95735569e-02	-3.31955146e-02
4.15915916e+00	3.01318907e-02	-3.30593697e-02
4.16416416e+00	3.06943804e-02	-3.29213469e-02
4.16916917e+00	3.12610443e-02	-3.27814376e-02
4.17417417e+00	3.18319003e-02	-3.26396331e-02
4.17917918e+00	3.24069664e-02	-3.24959249e-02
4.18418418e+00	3.29862577e-02	-3.23503042e-02
4.18918919e+00	3.35697912e-02	-3.22027624e-02
4.19419419e+00	3.41575886e-02	-3.20532908e-02
4.19919920e+00	3.47496678e-02	-3.19018806e-02
4.20420420e+00	3.53460468e-02	-3.17485232e-02
4.20920921e+00	3.59467436e-02	-3.15932097e-02
4.21421421e+00	3.65517733e-02	-3.14359314e-02
4.21921922e+00	3.71611574e-02	-3.12766796e-02
4.22422422e+00	3.77749139e-02	-3.11154454e-02
4.22922923e+00	3.83930612e-02	-3.09522201e-02
4.23423423e+00	3.90156177e-02	-3.07869947e-02
4.23923924e+00	3.96425988e-02	-3.06197605e-02
4.24424424e+00	4.02740251e-02	-3.04505086e-02
4.24924925e+00	4.09099155e-02	-3.02792302e-02
4.25425425e+00	4.15502886e-02	-3.01059162e-02
4.25925926e+00	4.21951629e-02	-2.99305579e-02
4.26426426e+00	4.28445539e-02	-2.97531463e-02
4.26926927e+00	4.34984801e-02	-2.95736724e-02
4.27427427e+00	4.41569633e-02	-2.93921273e-02
4.27927928e+00	4.48200220e-02	-2.92085021e-02
4.28428428e+00	4.54876750e-02	-2.90227877e-02
4.28928929e+00	4.61599401e-02	-2.88349751e-02
4.29429429e+00	4.68368346e-02	-2.86450553e-02
4.29929930e+00	4.75183797e-02	-2.84530193e-02
4.30430430e+00	4.82045943e-02	-2.82588580e-02
4.30930931e+00	4.88954973e-02	-2.80625623e-02
4.31431431e+00	4.95911075e-02	-2.78641232e-02
4.31931932e+00	5.02914408e-02	-2.76635316e-02
4.32432432e+00	5.09965195e-02	-2.74607783e-02
4.32932933e+00	5.17063626e-02	-2.72558541e-02
4.33433433e+00	5.24209892e-02	-2.70487501e-02
4.33933934e+00	5.31404185e-02	-2.68394569e-02
4.34434434e+00	5.38646644e-02	-2.66279654e-02
4.34934935e+00	5.45937506e-02	-2.64142664e-02
4.35435435e+00	5.53276972e-02	-2.61983506e-02
4.35935936e+00	5.60665235e-02	-2.59802089e-02
4.36436436e+00	5.68102487e-02	-2.57598320e-02
4.36936937e+00	5.75588899e-02	-2.55372107e-02
4.37437437e+00	5.83124681e-02	-2.53123355e-02
4.37937938e+00	5.90710036e-02	-2.50851974e-02
4.38438438e+00	5.98345159e-02	-2.48557868e-02
4.38938939e+00	6.06030246e-02	-2.46240946e-02
4.39439439e+00	6.13765473e-02	-2.43901113e-02
4.39939940e+00	6.21551042e-02	-2.41538276e-02
4.40440440e+00	6.29387165e-02	-2.39152342e-02
4.40940941e+00	6.37274037e-02	-2.36743215e-02
4.41441441e+00	6.45211857e-02	-2.34310803e-02
4.41941942e+00	6.53200792e-02	-2.31855011e-02
4.42442442e+00	6.61241042e-02	-2.29375744e-02
4.42942943e+00	6.69332834e-02	-2.26872908e-02
4.43443443e+00	6.77476369e-02	-2.24346408e-02
4.43943944e+00	6.85671845e-02	-2.21796149e-02
4.44444444e+00	6.93919448e-02	-2.19222036e-02
4.44944945e+00	7.02219375e-02	-2.16623974e-02
4.45445445e+00	7.10571845e-02	-2.14001867e-02
4.45945946e+00	7.18977060e-02	-2.11355620e-02
4.46446446e+00	7.27435220e-02	-2.08685138e-02
4.46946947e+00	7.35946514e-02	-2.05990323e-02
4.47447447e+00	7.44511140e-02	-2.03271081e-02
4.47947948e+00	7.53129320e-02	-2.00527315e-02
4.48448448e+00	7.61801256e-02	-1.97758928e-02
4.48948949e+00	7.70527153e-02	-1.94965824e-02
4.49449449e+00	7.79307188e-02	-1.92147906e-02
4.49949950e+00	7.88141560e-02	-1.89305078e-02
4.50450450e+00	7.97030505e-02	-1.86437243e-02
4.50950951e+00	8.05974231e-02	-1.83544302e-02
4.51451451e+00	8.14972941e-02	-1.80626160e-02
4.51951952e+00	8.24026828e-02	-1.77682717e-02
4.52452452e+00	8.33136096e-02	-1.74713878e-02
4.52952953e+00	8.42300969e-02	-1.71719543e-02
4.53453453e+00	8.51521655e-02	-1.68699616e-02
4.53953954e+00	8.60798361e-02	-1.65653996e-02
4.54454454e+00	8.70131280e-02	-1.62582588e-02
4.54954955e+00	8.79520620e-02	-1.59485291e-02
4.55455455e+00	8.88966607e-02	-1.56362007e-02
4.55955956e+00	8.98469451e-02	-1.53212638e-02
4.56456456e+00	9.08029360e-02	-1.50037084e-02
4.56956957e+00	9.17646511e-02	-1.46835247e-02
4.57457457e+00	9.27321126e-02	-1.43607026e-02
4.57957958e+00	9.37053439e-02	-1.40352323e-02
4.58458458e+00	9.46843662e-02	-1.37071038e-02
4.58958959e+00	9.56692007e-02	-1.33763072e-02
4.59459459e+00	9.66598664e-02	-1.30428323e-02
4.59959960e+00	9.76563860e-02	-1.27066693e-02
4.60460460e+00	9.86587816e-02	-1.23678080e-02
4.60960961e+00	9.96670746e-02	-1.20262385e-02
4.61461461e+00	1.00681286e-01	-1.16819506e-02
4.61961962e+00	1.01701436e-01	-1.13349344e-02
4.62462462e+00	1.02727547e-01	-1.09851797e-02
4.62962963e+00	1.03759641e-01	-1.06326763e-02
4.63463463e+00	1.04797740e-01	-1.02774143e-02
4.63963964e+00	1.05841865e-01	-9.91938341e-03
4.64464464e+00	1.06892033e-01	-9.55857350e-03
4.64964965e+00	1.07948271e-01	-9.19497440e-03
4.65465465e+00	1.09010601e-01	-8.82857593e-03
4.65965966e+00	1.10079043e-01	-8.45936787e-03
4.66466466e+00	1.11153621e-01	-8.08734001e-03
4.66966967e+00	1.12234353e-01	-7.71248211e-03
4.67467467e+00	1.13321264e-01	-7.33478392e-03
4.67967968e+00	1.14414376e-01	-6.95423516e-03
4.68468468e+00	1.15513711e-01	-6.57082555e-03
4.68968969e+00	1.16619290e-01	-6.18454479e-03
4.69469469e+00	1.17731134e-01	-5.79538255e-03
4.69969970e+00	1.18849268e-01	-5.40332851e-03
4.70470470e+00	1.19973712e-01	-5.00837232e-03
4.70970971e+00	1.21104491e-01	-4.61050360e-03
4.71471471e+00	1.22241621e-01	-4.20971197e-03
4.71971972e+00	1.23385128e-01	-3.80598703e-03
4.72472472e+00	1.24535035e-01	-3.39931837e-03
4.72972973e+00	1.25691365e-01	-2.98969556e-03
4.73473473e+00	1.26854140e-01	-2.57710814e-03
4.73973974e+00	1.28023381e-01	-2.16154565e-03
4.74474474e+00	1.29199111e-01	-1.74299762e-03
4.74974975e+00	1.30381354e-01	-1.32145354e-03
4.75475475e+00	1.31570132e-01	-8.96902904e-04
4.75975976e+00	1.32765468e-01	-4.69335180e-04
4.76476476e+00	1.33967381e-01	-3.87398226e-05
4.76976977e+00	1.35175899e-01	3.94893729e-04
4.77477477e+00	1.36391042e-01	8.31576053e-04
4.77977978e+00	1.37612834e-01	1.27131774e-03
4.78478478e+00	1.38841296e-01	1.71412941e-03
4.78978979e+00	1.40076449e-01	2.16002168e-03
4.79479479e+00	1.41318319e-01	2.60900520e-03
4.79979980e+00	1.42566931e-01	3.06109062e-03
4.80480480e+00	1.43822306e-01	3.51628862e-03
4.80980981e+00	1.45084465e-01	3.97460989e-03
4.81481481e+00	1.46353433e-01	4.43606514e-03
4.81981982e+00	1.47629234e-01	4.90066509e-03
4.82482482e+00	1.48911891e-01	5.36842049e-03
4.82982983e+00	1.50201427e-01	5.83934208e-03
4.83483483e+00	1.51497863e-01	6.31344064e-03
4.83983984e+00	1.52801224e-01	6.79072696e-03
4.84484484e+00	1.54111535e-01	7.27121185e-03
4.84984985e+00	1.55428819e-01	7.75490612e-03
4.85485485e+00	1.56753095e-01	8.24182061e-03
4.85985986e+00	1.58084389e-01	8.73196618e-03
4.86486486e+00	1.59422725e-01	9.22535369e-03
4.86986987e+00	1.60768128e-01	9.72199403e-03
4.87487487e+00	1.62120621e-01	1.02218981e-02
4.87987988e+00	1.63480226e-01	1.07250768e-02
4.88488488e+00	1.64846967e-01	1.12315411e-02
4.88988989e+00	1.66220870e-01	1.17413020e-02
4.89489489e+00	1.67601959e-01	1.22543703e-02
4.89989990e+00	1.68990254e-01	1.27707572e-02
4.90490490e+00	1.70385781e-01	1.32904735e-02
4.90990991e+00	1.71788565e-01	1.38135303e-02
4.91491491e+00	1.73198629e-01	1.43399386e-02
4.91991992e+00	1.74615997e-01	1.48697096e-02
4.92492492e+00	1.76040690e-01	1.54028541e-02
4.92992993e+00	1.77472735e-01	1.59393834e-02
4.93493493e+00	1.78912156e-01	1.64793085e-02
4.93993994e+00	1.80358979e-01	1.70226406e-02
4.94494494e+00	1.81813226e-01	1.75693907e-02
4.94994995e+00	1.83274920e-01	1.81195700e-02
4.95495495e+00	1.84744088e-01	1.86731897e-02
4.95995996e+00	1.86220754e-01	1.92302609e-02
4.96496496e+00	1.87704942e-01	1.97907949e-02
4.96996997e+00	1.89196676e-01	2.03548028e-02
4.97497497e+00	1.90695980e-01	2.09222959e-02
4.97997998e+00	1.92202879e-01	2.14932854e-02
4.98498498e+00	1.93717400e-01	2.20677825e-02
4.98998999e+00	1.95239564e-01	2.26457987e-02
4.99499499e+00	1.96769394e-01	2.32273450e-02
5.00000000e+00	1.98306918e-01	2.38124330e-02
