5.000000000000000000e-01
5.147058823529411242e-01
5.294117647058823595e-01
5.441176470588234837e-01
5.588235294117647189e-01
5.735294117647058432e-01
5.882352941176470784e-01
6.029411764705882026e-01
6.176470588235294379e-01
6.323529411764705621e-01
6.470588235294117974e-01
6.617647058823529216e-01
6.764705882352941568e-01
6.911764705882352811e-01
7.058823529411764053e-01
7.205882352941176405e-01
7.352941176470588758e-01
7.500000000000000000e-01
7.647058823529411242e-01
7.794117647058823595e-01
7.941176470588235947e-01
8.088235294117647189e-01
8.235294117647058432e-01
8.382352941176470784e-01
8.529411764705882026e-01
8.676470588235294379e-01
8.823529411764705621e-01
8.970588235294116863e-01
9.117647058823529216e-01
9.264705882352941568e-01
9.411764705882352811e-01
9.558823529411764053e-01
9.705882352941176405e-01
9.852941176470588758e-01
1.000000000000000000e+00
