1.000000000000000082e-05
1.151877578985124598e-05
1.326821956968631990e-05
1.528336463537333041e-05
1.760456505494070341e-05
2.027830377457126424e-05
2.335812345777806402e-05
2.690569869818104217e-05
3.099207107736399644e-05
3.569907180032894556e-05
4.112096039737904137e-05
4.736631230807615605e-05
5.456019314688006740e-05
6.284666319098899706e-05
7.239166224373010138e-05
8.338633264401669259e-05
9.605084696643820382e-05
1.106388170631715360e-04
1.274423727405041425e-04
1.467980117724517332e-04
1.690933384002815264e-04
1.947748252590286917e-04
2.243567541666208816e-04
2.584315148184080572e-04
2.976814676224861958e-04
3.428926082337285428e-04
3.949703074241619951e-04
4.549574414867541385e-04
5.240552762410287998e-04
6.036475228508970340e-04
6.953280471818589457e-04
8.009327875882948965e-04
9.225765202970122184e-04
1.062695208628243156e-03
1.224094784113792566e-03
1.410007336373315717e-03
1.624155836972958995e-03
1.870828693386970831e-03
2.154965626034487710e-03
2.482256588112771983e-03
2.859255709135215175e-03
3.293512543938067506e-03
3.793723255468519750e-03
4.369904758848644488e-03
5.033595314018156179e-03
5.798085583902101714e-03
6.678684785133705282e-03
7.693027261104599598e-03
8.861425616587729689e-03
1.020727748559185043e-02
1.175753407813290990e-02
1.354323988875483567e-02
1.560015437467368940e-02
1.796946805289334828e-02
2.069862735641733037e-02
2.384228476762526375e-02
2.746339325560610486e-02
3.163446693398395959e-02
3.643903318440245426e-02
4.197330532500812006e-02
4.834810931977379100e-02
5.569110311176916905e-02
6.414933302339567711e-02
7.389217841649951823e-02
8.511474358033434273e-02
9.804176477125520206e-02
1.129321106441425193e-01
1.300839661984551088e-01
1.498408040494592364e-01
1.725982626016759336e-01
1.988120688626572319e-01
2.290071645545415091e-01
2.637882182773332862e-01
3.038517342340942839e-01
3.499999999999999778e-01
