# S_vals   V0
0.0000000000e+00 0.0000000000e+00
3.0030030030e-03 -6.7402248720e-13
6.0060060060e-03 -9.6761833618e-12
9.0090090090e-03 -4.5703954877e-11
1.2012012012e-02 -1.3708811085e-10
1.5015015015e-02 -3.2075210157e-10
1.8018018018e-02 -6.4150098691e-10
2.1021021021e-02 -1.1514768667e-09
2.4024024024e-02 -1.9097166067e-09
2.7027027027e-02 -2.9817791514e-09
3.0030030030e-02 -4.4394233542e-09
3.3033033033e-02 -6.3603241887e-09
3.6036036036e-02 -8.8278191328e-09
3.9039039039e-02 -1.1930678902e-08
4.2042042042e-02 -1.5762898251e-08
4.5045045045e-02 -2.0423503610e-08
4.8048048048e-02 -2.6016375035e-08
5.1051051051e-02 -3.2650080486e-08
5.4054054054e-02 -4.0437720843e-08
5.7057057057e-02 -4.9496784338e-08
6.0060060060e-02 -5.9949009333e-08
6.3063063063e-02 -7.1920254530e-08
6.6066066066e-02 -8.5540375857e-08
6.9069069069e-02 -1.0094310937e-07
7.2072072072e-02 -1.1826595960e-07
7.5075075075e-02 -1.3765009290e-07
7.8078078078e-02 -1.5924023531e-07
8.1081081081e-02 -1.8318457459e-07
8.4084084084e-02 -2.0963466615e-07
8.7087087087e-02 -2.3874534245e-07
9.0090090090e-02 -2.7067462582e-07
9.3093093093e-02 -3.0558364419e-07
9.6096096096e-02 -3.4363654982e-07
9.9099099099e-02 -3.8500044059e-07
1.0210210210e-01 -4.2984528388e-07
1.0510510511e-01 -4.7834384272e-07
1.0810810811e-01 -5.3067160421e-07
1.1111111111e-01 -5.8700670993e-07
1.1411411411e-01 -6.4752988842e-07
1.1711711712e-01 -7.1242438944e-07
1.2012012012e-01 -7.8187591997e-07
1.2312312312e-01 -8.5607258194e-07
1.2612612613e-01 -9.3520481152e-07
1.2912912913e-01 -1.0194653198e-06
1.3213213213e-01 -1.1090490351e-06
1.3513513514e-01 -1.2041530465e-06
1.3813813814e-01 -1.3049765486e-06
1.4114114114e-01 -1.4117207877e-06
1.4414414414e-01 -1.5245890092e-06
1.4714714715e-01 -1.6437864058e-06
1.5015015015e-01 -1.7695200671e-06
1.5315315315e-01 -1.9019989302e-06
1.5615615616e-01 -2.0414337311e-06
1.5915915916e-01 -2.1880369573e-06
1.6216216216e-01 -2.3420228014e-06
1.6516516517e-01 -2.5036071151e-06
1.6816816817e-01 -2.6730073644e-06
1.7117117117e-01 -2.8504425859e-06
1.7417417417e-01 -3.0361333432e-06
1.7717717718e-01 -3.2303016848e-06
1.8018018018e-01 -3.4331711020e-06
1.8318318318e-01 -3.6449664884e-06
1.8618618619e-01 -3.8659140991e-06
1.8918918919e-01 -4.0962415112e-06
1.9219219219e-01 -4.3361775851e-06
1.9519519520e-01 -4.5859524258e-06
1.9819819820e-01 -4.8457973452e-06
2.0120120120e-01 -5.1159448249e-06
2.0420420420e-01 -5.3966284796e-06
2.0720720721e-01 -5.6880830212e-06
2.1021021021e-01 -5.9905442230e-06
2.1321321321e-01 -6.3042488850e-06
2.1621621622e-01 -6.6294347988e-06
2.1921921922e-01 -6.9663407144e-06
2.2222222222e-01 -7.3152063061e-06
2.2522522523e-01 -7.6762721395e-06
2.2822822823e-01 -8.0497796389e-06
2.3123123123e-01 -8.4359710554e-06
2.3423423423e-01 -8.8350894345e-06
2.3723723724e-01 -9.2473785854e-06
2.4024024024e-01 -9.6730830497e-06
2.4324324324e-01 -1.0112448071e-05
2.4624624625e-01 -1.0565719564e-05
2.4924924925e-01 -1.1033144087e-05
2.5225225225e-01 -1.1514968809e-05
2.5525525526e-01 -1.2011441483e-05
2.5825825826e-01 -1.2522810418e-05
2.6126126126e-01 -1.3049324447e-05
2.6426426426e-01 -1.3591232904e-05
2.6726726727e-01 -1.4148785592e-05
2.7027027027e-01 -1.4722232756e-05
2.7327327327e-01 -1.5311825060e-05
2.7627627628e-01 -1.5917813556e-05
2.7927927928e-01 -1.6540449657e-05
2.8228228228e-01 -1.7179985116e-05
2.8528528529e-01 -1.7836671993e-05
2.8828828829e-01 -1.8510762637e-05
2.9129129129e-01 -1.9202509652e-05
2.9429429429e-01 -1.9912165881e-05
2.9729729730e-01 -2.0639984373e-05
3.0030030030e-01 -2.1386218364e-05
3.0330330330e-01 -2.2151121251e-05
3.0630630631e-01 -2.2934946567e-05
3.0930930931e-01 -2.3737947956e-05
3.1231231231e-01 -2.4560379155e-05
3.1531531532e-01 -2.5402493963e-05
3.1831831832e-01 -2.6264546224e-05
3.2132132132e-01 -2.7146789800e-05
3.2432432432e-01 -2.8049478551e-05
3.2732732733e-01 -2.8972866311e-05
3.3033033033e-01 -2.9917206865e-05
3.3333333333e-01 -3.0882753930e-05
3.3633633634e-01 -3.1869761128e-05
3.3933933934e-01 -3.2878481972e-05
3.4234234234e-01 -3.3909169834e-05
3.4534534535e-01 -3.4962077935e-05
3.4834834835e-01 -3.6037459314e-05
3.5135135135e-01 -3.7135566815e-05
3.5435435435e-01 -3.8256653060e-05
3.5735735736e-01 -3.9400970432e-05
3.6036036036e-01 -4.0568771054e-05
3.6336336336e-01 -4.1760306769e-05
3.6636636637e-01 -4.2975829116e-05
3.6936936937e-01 -4.4215589319e-05
3.7237237237e-01 -4.5479838256e-05
3.7537537538e-01 -4.6768826450e-05
3.7837837838e-01 -4.8082804041e-05
3.8138138138e-01 -4.9422020773e-05
3.8438438438e-01 -5.0786725971e-05
3.8738738739e-01 -5.2177168524e-05
3.9039039039e-01 -5.3593596865e-05
3.9339339339e-01 -5.5036258954e-05
3.9639639640e-01 -5.6505402256e-05
3.9939939940e-01 -5.8001273729e-05
4.0240240240e-01 -5.9524119797e-05
4.0540540541e-01 -6.1074186341e-05
4.0840840841e-01 -6.2651718675e-05
4.1141141141e-01 -6.4256961528e-05
4.1441441441e-01 -6.5890159032e-05
4.1741741742e-01 -6.7551554698e-05
4.2042042042e-01 -6.9241391401e-05
4.2342342342e-01 -7.0959911364e-05
4.2642642643e-01 -7.2707356140e-05
4.2942942943e-01 -7.4483966593e-05
4.3243243243e-01 -7.6289982884e-05
4.3543543544e-01 -7.8125644453e-05
4.3843843844e-01 -7.9991190002e-05
4.4144144144e-01 -8.1886857476e-05
4.4444444444e-01 -8.3812884053e-05
4.4744744745e-01 -8.5769506121e-05
4.5045045045e-01 -8.7756959265e-05
4.5345345345e-01 -8.9775478252e-05
4.5645645646e-01 -9.1825297009e-05
4.5945945946e-01 -9.3906648617e-05
4.6246246246e-01 -9.6019765284e-05
4.6546546547e-01 -9.8164878338e-05
4.6846846847e-01 -1.0034221821e-04
4.7147147147e-01 -1.0255201441e-04
4.7447447447e-01 -1.0479449552e-04
4.7747747748e-01 -1.0706988918e-04
4.8048048048e-01 -1.0937842208e-04
4.8348348348e-01 -1.1172031991e-04
4.8648648649e-01 -1.1409580738e-04
4.8948948949e-01 -1.1650510821e-04
4.9249249249e-01 -1.1894844508e-04
4.9549549550e-01 -1.2142603964e-04
4.9849849850e-01 -1.2393811249e-04
5.0150150150e-01 -1.2648488317e-04
5.0450450450e-01 -1.2906657014e-04
5.0750750751e-01 -1.3168339076e-04
5.1051051051e-01 -1.3433556129e-04
5.1351351351e-01 -1.3702329687e-04
5.1651651652e-01 -1.3974681150e-04
5.1951951952e-01 -1.4250631803e-04
5.2252252252e-01 -1.4530202814e-04
5.2552552553e-01 -1.4813415234e-04
5.2852852853e-01 -1.5100289994e-04
5.3153153153e-01 -1.5390847907e-04
5.3453453453e-01 -1.5685109660e-04
5.3753753754e-01 -1.5983095821e-04
5.4054054054e-01 -1.6284826830e-04
5.4354354354e-01 -1.6590323002e-04
5.4654654655e-01 -1.6899604526e-04
5.4954954955e-01 -1.7212691460e-04
5.5255255255e-01 -1.7529603735e-04
5.5555555556e-01 -1.7850361149e-04
5.5855855856e-01 -1.8174983367e-04
5.6156156156e-01 -1.8503489920e-04
5.6456456456e-01 -1.8835900206e-04
5.6756756757e-01 -1.9172233484e-04
5.7057057057e-01 -1.9512508878e-04
5.7357357357e-01 -1.9856745369e-04
5.7657657658e-01 -2.0204961802e-04
5.7957957958e-01 -2.0557176878e-04
5.8258258258e-01 -2.0913409156e-04
5.8558558559e-01 -2.1273677050e-04
5.8858858859e-01 -2.1637998830e-04
5.9159159159e-01 -2.2006392619e-04
5.9459459459e-01 -2.2378876393e-04
5.9759759760e-01 -2.2755467977e-04
6.0060060060e-01 -2.3136185048e-04
6.0360360360e-01 -2.3521045130e-04
6.0660660661e-01 -2.3910065597e-04
6.0960960961e-01 -2.4303263666e-04
6.1261261261e-01 -2.4700656401e-04
6.1561561562e-01 -2.5102260709e-04
6.1861861862e-01 -2.5508093341e-04
6.2162162162e-01 -2.5918170887e-04
6.2462462462e-01 -2.6332509781e-04
6.2762762763e-01 -2.6751126292e-04
6.3063063063e-01 -2.7174036531e-04
6.3363363363e-01 -2.7601256443e-04
6.3663663664e-01 -2.8032801810e-04
6.3963963964e-01 -2.8468688248e-04
6.4264264264e-01 -2.8908931207e-04
6.4564564565e-01 -2.9353545969e-04
6.4864864865e-01 -2.9802547647e-04
6.5165165165e-01 -3.0255951185e-04
6.5465465465e-01 -3.0713771356e-04
6.5765765766e-01 -3.1176022759e-04
6.6066066066e-01 -3.1642719821e-04
6.6366366366e-01 -3.2113876796e-04
6.6666666667e-01 -3.2589507760e-04
6.6966966967e-01 -3.3069626614e-04
6.7267267267e-01 -3.3554247081e-04
6.7567567568e-01 -3.4043382706e-04
6.7867867868e-01 -3.4537046854e-04
6.8168168168e-01 -3.5035252708e-04
6.8468468468e-01 -3.5538013271e-04
6.8768768769e-01 -3.6045341361e-04
6.9069069069e-01 -3.6557249613e-04
6.9369369369e-01 -3.7073750478e-04
6.9669669670e-01 -3.7594856220e-04
6.9969969970e-01 -3.8120578915e-04
7.0270270270e-01 -3.8650930453e-04
7.0570570571e-01 -3.9185922532e-04
7.0870870871e-01 -3.9725566662e-04
7.1171171171e-01 -4.0269874161e-04
7.1471471471e-01 -4.0818856155e-04
7.1771771772e-01 -4.1372523576e-04
7.2072072072e-01 -4.1930887162e-04
7.2372372372e-01 -4.2493957457e-04
7.2672672673e-01 -4.3061744806e-04
7.2972972973e-01 -4.3634259360e-04
7.3273273273e-01 -4.4211511069e-04
7.3573573574e-01 -4.4793509685e-04
7.3873873874e-01 -4.5380264760e-04
7.4174174174e-01 -4.5971785644e-04
7.4474474474e-01 -4.6568081484e-04
7.4774774775e-01 -4.7169161227e-04
7.5075075075e-01 -4.7775033612e-04
7.5375375375e-01 -4.8385707175e-04
7.5675675676e-01 -4.9001190245e-04
7.5975975976e-01 -4.9621490946e-04
7.6276276276e-01 -5.0246617192e-04
7.6576576577e-01 -5.0876576688e-04
7.6876876877e-01 -5.1511376929e-04
7.7177177177e-01 -5.2151025201e-04
7.7477477477e-01 -5.2795528577e-04
7.7777777778e-01 -5.3444893917e-04
7.8078078078e-01 -5.4099127868e-04
7.8378378378e-01 -5.4758236861e-04
7.8678678679e-01 -5.5422227114e-04
7.8978978979e-01 -5.6091104627e-04
7.9279279279e-01 -5.6764875183e-04
7.9579579580e-01 -5.7443544346e-04
7.9879879880e-01 -5.8127117462e-04
8.0180180180e-01 -5.8815599657e-04
8.0480480480e-01 -5.9508995835e-04
8.0780780781e-01 -6.0207310678e-04
8.1081081081e-01 -6.0910548647e-04
8.1381381381e-01 -6.1618713977e-04
8.1681681682e-01 -6.2331810682e-04
8.1981981982e-01 -6.3049842546e-04
8.2282282282e-01 -6.3772813129e-04
8.2582582583e-01 -6.4500725766e-04
8.2882882883e-01 -6.5233583560e-04
8.3183183183e-01 -6.5971389387e-04
8.3483483483e-01 -6.6714145893e-04
8.3783783784e-01 -6.7461855493e-04
8.4084084084e-01 -6.8214520372e-04
8.4384384384e-01 -6.8972142480e-04
8.4684684685e-01 -6.9734723536e-04
8.4984984985e-01 -7.0502265024e-04
8.5285285285e-01 -7.1274768192e-04
8.5585585586e-01 -7.2052234054e-04
8.5885885886e-01 -7.2834663387e-04
8.6186186186e-01 -7.3622056729e-04
8.6486486486e-01 -7.4414414381e-04
8.6786786787e-01 -7.5211736405e-04
8.7087087087e-01 -7.6014022622e-04
8.7387387387e-01 -7.6821272613e-04
8.7687687688e-01 -7.7633485716e-04
8.7987987988e-01 -7.8450661029e-04
8.8288288288e-01 -7.9272797405e-04
8.8588588589e-01 -8.0099893452e-04
8.8888888889e-01 -8.0931947534e-04
8.9189189189e-01 -8.1768957770e-04
8.9489489489e-01 -8.2610922031e-04
8.9789789790e-01 -8.3457837942e-04
9.0090090090e-01 -8.4309702879e-04
9.0390390390e-01 -8.5166513969e-04
9.0690690691e-01 -8.6028268088e-04
9.0990990991e-01 -8.6894961865e-04
9.1291291291e-01 -8.7766591674e-04
9.1591591592e-01 -8.8643153638e-04
9.1891891892e-01 -8.9524643627e-04
9.2192192192e-01 -9.0411057257e-04
9.2492492492e-01 -9.1302389891e-04
9.2792792793e-01 -9.2198636635e-04
9.3093093093e-01 -9.3099792339e-04
9.3393393393e-01 -9.4005851597e-04
9.3693693694e-01 -9.4916808743e-04
9.3993993994e-01 -9.5832657857e-04
9.4294294294e-01 -9.6753392755e-04
9.4594594595e-01 -9.7679006996e-04
9.4894894895e-01 -9.8609493877e-04
9.5195195195e-01 -9.9544846434e-04
9.5495495495e-01 -1.0048505744e-03
9.5795795796e-01 -1.0143011941e-03
9.6096096096e-01 -1.0238002458e-03
9.6396396396e-01 -1.0333476495e-03
9.6696696697e-01 -1.0429433222e-03
9.6996996997e-01 -1.0525871784e-03
9.7297297297e-01 -1.0622791301e-03
9.7597597598e-01 -1.0720190864e-03
9.7897897898e-01 -1.0818069537e-03
9.8198198198e-01 -1.0916426359e-03
9.8498498498e-01 -1.1015260340e-03
9.8798798799e-01 -1.1114570465e-03
9.9099099099e-01 -1.1214355691e-03
9.9399399399e-01 -1.1314614946e-03
9.9699699700e-01 -1.1415347133e-03
1.0000000000e+00 -1.1516551127e-03
1.0030030030e+00 -1.1618225777e-03
1.0060060060e+00 -1.1720369901e-03
1.0090090090e+00 -1.1822982293e-03
1.0120120120e+00 -1.1926061717e-03
1.0150150150e+00 -1.2029606910e-03
1.0180180180e+00 -1.2133616583e-03
1.0210210210e+00 -1.2238089417e-03
1.0240240240e+00 -1.2343024064e-03
1.0270270270e+00 -1.2448419152e-03
1.0300300300e+00 -1.2554273278e-03
1.0330330330e+00 -1.2660585011e-03
1.0360360360e+00 -1.2767352892e-03
1.0390390390e+00 -1.2874575436e-03
1.0420420420e+00 -1.2982251126e-03
1.0450450450e+00 -1.3090378418e-03
1.0480480480e+00 -1.3198955742e-03
1.0510510511e+00 -1.3307981495e-03
1.0540540541e+00 -1.3417454050e-03
1.0570570571e+00 -1.3527371747e-03
1.0600600601e+00 -1.3637732901e-03
1.0630630631e+00 -1.3748535795e-03
1.0660660661e+00 -1.3859778685e-03
1.0690690691e+00 -1.3971459799e-03
1.0720720721e+00 -1.4083577333e-03
1.0750750751e+00 -1.4196129456e-03
1.0780780781e+00 -1.4309114308e-03
1.0810810811e+00 -1.4422529999e-03
1.0840840841e+00 -1.4536374610e-03
1.0870870871e+00 -1.4650646191e-03
1.0900900901e+00 -1.4765342767e-03
1.0930930931e+00 -1.4880462328e-03
1.0960960961e+00 -1.4996002838e-03
1.0990990991e+00 -1.5111962231e-03
1.1021021021e+00 -1.5228338410e-03
1.1051051051e+00 -1.5345129250e-03
1.1081081081e+00 -1.5462332595e-03
1.1111111111e+00 -1.5579946258e-03
1.1141141141e+00 -1.5697968025e-03
1.1171171171e+00 -1.5816395650e-03
1.1201201201e+00 -1.5935226857e-03
1.1231231231e+00 -1.6054459341e-03
1.1261261261e+00 -1.6174090765e-03
1.1291291291e+00 -1.6294118763e-03
1.1321321321e+00 -1.6414540938e-03
1.1351351351e+00 -1.6535354863e-03
1.1381381381e+00 -1.6656558082e-03
1.1411411411e+00 -1.6778148106e-03
1.1441441441e+00 -1.6900122415e-03
1.1471471471e+00 -1.7022478462e-03
1.1501501502e+00 -1.7145213666e-03
1.1531531532e+00 -1.7268325417e-03
1.1561561562e+00 -1.7391811072e-03
1.1591591592e+00 -1.7515667960e-03
1.1621621622e+00 -1.7639893377e-03
1.1651651652e+00 -1.7764484589e-03
1.1681681682e+00 -1.7889438829e-03
1.1711711712e+00 -1.8014753302e-03
1.1741741742e+00 -1.8140425179e-03
1.1771771772e+00 -1.8266451601e-03
1.1801801802e+00 -1.8392829678e-03
1.1831831832e+00 -1.8519556488e-03
1.1861861862e+00 -1.8646629078e-03
1.1891891892e+00 -1.8774044462e-03
1.1921921922e+00 -1.8901799624e-03
1.1951951952e+00 -1.9029891516e-03
1.1981981982e+00 -1.9158317059e-03
1.2012012012e+00 -1.9287073140e-03
1.2042042042e+00 -1.9416156617e-03
1.2072072072e+00 -1.9545564314e-03
1.2102102102e+00 -1.9675293024e-03
1.2132132132e+00 -1.9805339507e-03
1.2162162162e+00 -1.9935700493e-03
1.2192192192e+00 -2.0066372679e-03
1.2222222222e+00 -2.0197352728e-03
1.2252252252e+00 -2.0328637272e-03
1.2282282282e+00 -2.0460222913e-03
1.2312312312e+00 -2.0592106217e-03
1.2342342342e+00 -2.0724283719e-03
1.2372372372e+00 -2.0856751922e-03
1.2402402402e+00 -2.0989507297e-03
1.2432432432e+00 -2.1122546281e-03
1.2462462462e+00 -2.1255865278e-03
1.2492492492e+00 -2.1389460662e-03
1.2522522523e+00 -2.1523328771e-03
1.2552552553e+00 -2.1657465913e-03
1.2582582583e+00 -2.1791868360e-03
1.2612612613e+00 -2.1926532354e-03
1.2642642643e+00 -2.2061454102e-03
1.2672672673e+00 -2.2196629780e-03
1.2702702703e+00 -2.2332055529e-03
1.2732732733e+00 -2.2467727457e-03
1.2762762763e+00 -2.2603641640e-03
1.2792792793e+00 -2.2739794120e-03
1.2822822823e+00 -2.2876180906e-03
1.2852852853e+00 -2.3012797972e-03
1.2882882883e+00 -2.3149641261e-03
1.2912912913e+00 -2.3286706681e-03
1.2942942943e+00 -2.3423990107e-03
1.2972972973e+00 -2.3561487379e-03
1.3003003003e+00 -2.3699194306e-03
1.3033033033e+00 -2.3837106662e-03
1.3063063063e+00 -2.3975220185e-03
1.3093093093e+00 -2.4113530583e-03
1.3123123123e+00 -2.4252033527e-03
1.3153153153e+00 -2.4390724657e-03
1.3183183183e+00 -2.4529599575e-03
1.3213213213e+00 -2.4668653854e-03
1.3243243243e+00 -2.4807883027e-03
1.3273273273e+00 -2.4947282599e-03
1.3303303303e+00 -2.5086848036e-03
1.3333333333e+00 -2.5226574772e-03
1.3363363363e+00 -2.5366458206e-03
1.3393393393e+00 -2.5506493703e-03
1.3423423423e+00 -2.5646676593e-03
1.3453453453e+00 -2.5787002172e-03
1.3483483483e+00 -2.5927465701e-03
1.3513513514e+00 -2.6068062408e-03
1.3543543544e+00 -2.6208787484e-03
1.3573573574e+00 -2.6349636086e-03
1.3603603604e+00 -2.6490603338e-03
1.3633633634e+00 -2.6631684326e-03
1.3663663664e+00 -2.6772874104e-03
1.3693693694e+00 -2.6914167690e-03
1.3723723724e+00 -2.7055560067e-03
1.3753753754e+00 -2.7197046183e-03
1.3783783784e+00 -2.7338620951e-03
1.3813813814e+00 -2.7480279248e-03
1.3843843844e+00 -2.7622015918e-03
1.3873873874e+00 -2.7763825768e-03
1.3903903904e+00 -2.7905703569e-03
1.3933933934e+00 -2.8047644059e-03
1.3963963964e+00 -2.8189641939e-03
1.3993993994e+00 -2.8331691876e-03
1.4024024024e+00 -2.8473788498e-03
1.4054054054e+00 -2.8615926402e-03
1.4084084084e+00 -2.8758100147e-03
1.4114114114e+00 -2.8900304257e-03
1.4144144144e+00 -2.9042533218e-03
1.4174174174e+00 -2.9184781485e-03
1.4204204204e+00 -2.9327043473e-03
1.4234234234e+00 -2.9469313562e-03
1.4264264264e+00 -2.9611586098e-03
1.4294294294e+00 -2.9753855389e-03
1.4324324324e+00 -2.9896115708e-03
1.4354354354e+00 -3.0038361292e-03
1.4384384384e+00 -3.0180586341e-03
1.4414414414e+00 -3.0322785020e-03
1.4444444444e+00 -3.0464951456e-03
1.4474474474e+00 -3.0607079743e-03
1.4504504505e+00 -3.0749163935e-03
1.4534534535e+00 -3.0891198053e-03
1.4564564565e+00 -3.1033176078e-03
1.4594594595e+00 -3.1175091958e-03
1.4624624625e+00 -3.1316939602e-03
1.4654654655e+00 -3.1458712884e-03
1.4684684685e+00 -3.1600405640e-03
1.4714714715e+00 -3.1742011672e-03
1.4744744745e+00 -3.1883524742e-03
1.4774774775e+00 -3.2024938577e-03
1.4804804805e+00 -3.2166246867e-03
1.4834834835e+00 -3.2307443265e-03
1.4864864865e+00 -3.2448521388e-03
1.4894894895e+00 -3.2589474814e-03
1.4924924925e+00 -3.2730297086e-03
1.4954954955e+00 -3.2870981709e-03
1.4984984985e+00 -3.3011522152e-03
1.5015015015e+00 -3.3151911845e-03
1.5045045045e+00 -3.3292144183e-03
1.5075075075e+00 -3.3432212521e-03
1.5105105105e+00 -3.3572110179e-03
1.5135135135e+00 -3.3711830440e-03
1.5165165165e+00 -3.3851366547e-03
1.5195195195e+00 -3.3990711708e-03
1.5225225225e+00 -3.4129859093e-03
1.5255255255e+00 -3.4268801834e-03
1.5285285285e+00 -3.4407533026e-03
1.5315315315e+00 -3.4546045725e-03
1.5345345345e+00 -3.4684332951e-03
1.5375375375e+00 -3.4822387686e-03
1.5405405405e+00 -3.4960202874e-03
1.5435435435e+00 -3.5097771420e-03
1.5465465465e+00 -3.5235086193e-03
1.5495495495e+00 -3.5372140024e-03
1.5525525526e+00 -3.5508925705e-03
1.5555555556e+00 -3.5645435990e-03
1.5585585586e+00 -3.5781663596e-03
1.5615615616e+00 -3.5917601201e-03
1.5645645646e+00 -3.6053241445e-03
1.5675675676e+00 -3.6188576931e-03
1.5705705706e+00 -3.6323600222e-03
1.5735735736e+00 -3.6458303844e-03
1.5765765766e+00 -3.6592680284e-03
1.5795795796e+00 -3.6726721991e-03
1.5825825826e+00 -3.6860421376e-03
1.5855855856e+00 -3.6993770810e-03
1.5885885886e+00 -3.7126762627e-03
1.5915915916e+00 -3.7259389122e-03
1.5945945946e+00 -3.7391642552e-03
1.5975975976e+00 -3.7523515134e-03
1.6006006006e+00 -3.7654999048e-03
1.6036036036e+00 -3.7786086434e-03
1.6066066066e+00 -3.7916769394e-03
1.6096096096e+00 -3.8047039990e-03
1.6126126126e+00 -3.8176890246e-03
1.6156156156e+00 -3.8306312149e-03
1.6186186186e+00 -3.8435297643e-03
1.6216216216e+00 -3.8563838636e-03
1.6246246246e+00 -3.8691926996e-03
1.6276276276e+00 -3.8819554552e-03
1.6306306306e+00 -3.8946713094e-03
1.6336336336e+00 -3.9073394374e-03
1.6366366366e+00 -3.9199590101e-03
1.6396396396e+00 -3.9325291950e-03
1.6426426426e+00 -3.9450491552e-03
1.6456456456e+00 -3.9575180501e-03
1.6486486486e+00 -3.9699350353e-03
1.6516516517e+00 -3.9822992621e-03
1.6546546547e+00 -3.9946098781e-03
1.6576576577e+00 -4.0068660269e-03
1.6606606607e+00 -4.0190668481e-03
1.6636636637e+00 -4.0312114774e-03
1.6666666667e+00 -4.0432990465e-03
1.6696696697e+00 -4.0553286831e-03
1.6726726727e+00 -4.0672995110e-03
1.6756756757e+00 -4.0792106500e-03
1.6786786787e+00 -4.0910612159e-03
1.6816816817e+00 -4.1028503205e-03
1.6846846847e+00 -4.1145770716e-03
1.6876876877e+00 -4.1262405730e-03
1.6906906907e+00 -4.1378399247e-03
1.6936936937e+00 -4.1493742224e-03
1.6966966967e+00 -4.1608425580e-03
1.6996996997e+00 -4.1722440192e-03
1.7027027027e+00 -4.1835776898e-03
1.7057057057e+00 -4.1948426497e-03
1.7087087087e+00 -4.2060379745e-03
1.7117117117e+00 -4.2171627361e-03
1.7147147147e+00 -4.2282160020e-03
1.7177177177e+00 -4.2391968360e-03
1.7207207207e+00 -4.2501042976e-03
1.7237237237e+00 -4.2609374423e-03
1.7267267267e+00 -4.2716953218e-03
1.7297297297e+00 -4.2823769835e-03
1.7327327327e+00 -4.2929814708e-03
1.7357357357e+00 -4.3035078229e-03
1.7387387387e+00 -4.3139550752e-03
1.7417417417e+00 -4.3243222589e-03
1.7447447447e+00 -4.3346084012e-03
1.7477477477e+00 -4.3448125249e-03
1.7507507508e+00 -4.3549336492e-03
1.7537537538e+00 -4.3649707889e-03
1.7567567568e+00 -4.3749229547e-03
1.7597597598e+00 -4.3847891534e-03
1.7627627628e+00 -4.3945683876e-03
1.7657657658e+00 -4.4042596556e-03
1.7687687688e+00 -4.4138619521e-03
1.7717717718e+00 -4.4233742670e-03
1.7747747748e+00 -4.4327955868e-03
1.7777777778e+00 -4.4421248933e-03
1.7807807808e+00 -4.4513611644e-03
1.7837837838e+00 -4.4605033740e-03
1.7867867868e+00 -4.4695504917e-03
1.7897897898e+00 -4.4785014830e-03
1.7927927928e+00 -4.4873553092e-03
1.7957957958e+00 -4.4961109277e-03
1.7987987988e+00 -4.5047672914e-03
1.8018018018e+00 -4.5133233493e-03
1.8048048048e+00 -4.5217780462e-03
1.8078078078e+00 -4.5301303227e-03
1.8108108108e+00 -4.5383791151e-03
1.8138138138e+00 -4.5465233559e-03
1.8168168168e+00 -4.5545619731e-03
1.8198198198e+00 -4.5624938905e-03
1.8228228228e+00 -4.5703180281e-03
1.8258258258e+00 -4.5780333012e-03
1.8288288288e+00 -4.5856386214e-03
1.8318318318e+00 -4.5931328957e-03
1.8348348348e+00 -4.6005150272e-03
1.8378378378e+00 -4.6077839147e-03
1.8408408408e+00 -4.6149384527e-03
1.8438438438e+00 -4.6219775316e-03
1.8468468468e+00 -4.6289000376e-03
1.8498498498e+00 -4.6357048526e-03
1.8528528529e+00 -4.6423908543e-03
1.8558558559e+00 -4.6489569163e-03
1.8588588589e+00 -4.6554019078e-03
1.8618618619e+00 -4.6617246939e-03
1.8648648649e+00 -4.6679241354e-03
1.8678678679e+00 -4.6739990888e-03
1.8708708709e+00 -4.6799484065e-03
1.8738738739e+00 -4.6857709366e-03
1.8768768769e+00 -4.6914655228e-03
1.8798798799e+00 -4.6970310049e-03
1.8828828829e+00 -4.7024662180e-03
1.8858858859e+00 -4.7077699933e-03
1.8888888889e+00 -4.7129411574e-03
1.8918918919e+00 -4.7179785331e-03
1.8948948949e+00 -4.7228809385e-03
1.8978978979e+00 -4.7276471875e-03
1.9009009009e+00 -4.7322760899e-03
1.9039039039e+00 -4.7367664510e-03
1.9069069069e+00 -4.7411170721e-03
1.9099099099e+00 -4.7453267498e-03
1.9129129129e+00 -4.7493942768e-03
1.9159159159e+00 -4.7533184412e-03
1.9189189189e+00 -4.7570980270e-03
1.9219219219e+00 -4.7607318138e-03
1.9249249249e+00 -4.7642185769e-03
1.9279279279e+00 -4.7675570873e-03
1.9309309309e+00 -4.7707461117e-03
1.9339339339e+00 -4.7737844123e-03
1.9369369369e+00 -4.7766707473e-03
1.9399399399e+00 -4.7794038703e-03
1.9429429429e+00 -4.7819825306e-03
1.9459459459e+00 -4.7844054734e-03
1.9489489489e+00 -4.7866714392e-03
1.9519519520e+00 -4.7887791644e-03
1.9549549550e+00 -4.7907273810e-03
1.9579579580e+00 -4.7925148166e-03
1.9609609610e+00 -4.7941401946e-03
1.9639639640e+00 -4.7956022337e-03
1.9669669670e+00 -4.7968996486e-03
1.9699699700e+00 -4.7980311494e-03
1.9729729730e+00 -4.7989954421e-03
1.9759759760e+00 -4.7997912279e-03
1.9789789790e+00 -4.8004172040e-03
1.9819819820e+00 -4.8008720631e-03
1.9849849850e+00 -4.8011544934e-03
1.9879879880e+00 -4.8012631788e-03
1.9909909910e+00 -4.8011967990e-03
1.9939939940e+00 -4.8009540289e-03
1.9969969970e+00 -4.8005335394e-03
2.0000000000e+00 -4.7999339967e-03
2.0030030030e+00 -4.7991540627e-03
2.0060060060e+00 -4.7981923950e-03
2.0090090090e+00 -4.7970476466e-03
2.0120120120e+00 -4.7957184662e-03
2.0150150150e+00 -4.7942034980e-03
2.0180180180e+00 -4.7925013819e-03
2.0210210210e+00 -4.7906107532e-03
2.0240240240e+00 -4.7885302429e-03
2.0270270270e+00 -4.7862584776e-03
2.0300300300e+00 -4.7837940792e-03
2.0330330330e+00 -4.7811356656e-03
2.0360360360e+00 -4.7782818498e-03
2.0390390390e+00 -4.7752312405e-03
2.0420420420e+00 -4.7719824422e-03
2.0450450450e+00 -4.7685340546e-03
2.0480480480e+00 -4.7648846731e-03
2.0510510511e+00 -4.7610328886e-03
2.0540540541e+00 -4.7569772875e-03
2.0570570571e+00 -4.7527164519e-03
2.0600600601e+00 -4.7482489592e-03
2.0630630631e+00 -4.7435733824e-03
2.0660660661e+00 -4.7386882902e-03
2.0690690691e+00 -4.7335922464e-03
2.0720720721e+00 -4.7282838108e-03
2.0750750751e+00 -4.7227615383e-03
2.0780780781e+00 -4.7170239796e-03
2.0810810811e+00 -4.7110696807e-03
2.0840840841e+00 -4.7048971832e-03
2.0870870871e+00 -4.6985050241e-03
2.0900900901e+00 -4.6918917361e-03
2.0930930931e+00 -4.6850558472e-03
2.0960960961e+00 -4.6779958809e-03
2.0990990991e+00 -4.6707103562e-03
2.1021021021e+00 -4.6631977876e-03
2.1051051051e+00 -4.6554566851e-03
2.1081081081e+00 -4.6474855541e-03
2.1111111111e+00 -4.6392828955e-03
2.1141141141e+00 -4.6308472057e-03
2.1171171171e+00 -4.6221769764e-03
2.1201201201e+00 -4.6132706950e-03
2.1231231231e+00 -4.6041268442e-03
2.1261261261e+00 -4.5947439022e-03
2.1291291291e+00 -4.5851203426e-03
2.1321321321e+00 -4.5752546344e-03
2.1351351351e+00 -4.5651452422e-03
2.1381381381e+00 -4.5547906259e-03
2.1411411411e+00 -4.5441892410e-03
2.1441441441e+00 -4.5333395381e-03
2.1471471471e+00 -4.5222399636e-03
2.1501501502e+00 -4.5108889590e-03
2.1531531532e+00 -4.4992849616e-03
2.1561561562e+00 -4.4874264036e-03
2.1591591592e+00 -4.4753117132e-03
2.1621621622e+00 -4.4629393135e-03
2.1651651652e+00 -4.4503076233e-03
2.1681681682e+00 -4.4374150566e-03
2.1711711712e+00 -4.4242600231e-03
2.1741741742e+00 -4.4108409277e-03
2.1771771772e+00 -4.3971561706e-03
2.1801801802e+00 -4.3832041475e-03
2.1831831832e+00 -4.3689832495e-03
2.1861861862e+00 -4.3544918631e-03
2.1891891892e+00 -4.3397283702e-03
2.1921921922e+00 -4.3246911479e-03
2.1951951952e+00 -4.3093785688e-03
2.1981981982e+00 -4.2937890009e-03
2.2012012012e+00 -4.2779208076e-03
2.2042042042e+00 -4.2617723475e-03
2.2072072072e+00 -4.2453419746e-03
2.2102102102e+00 -4.2286280384e-03
2.2132132132e+00 -4.2116288837e-03
2.2162162162e+00 -4.1943428504e-03
2.2192192192e+00 -4.1767682742e-03
2.2222222222e+00 -4.1589034858e-03
2.2252252252e+00 -4.1407468113e-03
2.2282282282e+00 -4.1222965722e-03
2.2312312312e+00 -4.1035510853e-03
2.2342342342e+00 -4.0845086628e-03
2.2372372372e+00 -4.0651676121e-03
2.2402402402e+00 -4.0455262361e-03
2.2432432432e+00 -4.0255828327e-03
2.2462462462e+00 -4.0053356955e-03
2.2492492492e+00 -3.9847831132e-03
2.2522522523e+00 -3.9639233698e-03
2.2552552553e+00 -3.9427547447e-03
2.2582582583e+00 -3.9212755126e-03
2.2612612613e+00 -3.8994839435e-03
2.2642642643e+00 -3.8773783025e-03
2.2672672673e+00 -3.8549568503e-03
2.2702702703e+00 -3.8322178427e-03
2.2732732733e+00 -3.8091595309e-03
2.2762762763e+00 -3.7857801612e-03
2.2792792793e+00 -3.7620779755e-03
2.2822822823e+00 -3.7380512106e-03
2.2852852853e+00 -3.7136980988e-03
2.2882882883e+00 -3.6890168677e-03
2.2912912913e+00 -3.6640057401e-03
2.2942942943e+00 -3.6386629340e-03
2.2972972973e+00 -3.6129866628e-03
2.3003003003e+00 -3.5869751351e-03
2.3033033033e+00 -3.5606265547e-03
2.3063063063e+00 -3.5339391208e-03
2.3093093093e+00 -3.5069110276e-03
2.3123123123e+00 -3.4795404648e-03
2.3153153153e+00 -3.4518256173e-03
2.3183183183e+00 -3.4237646652e-03
2.3213213213e+00 -3.3953557836e-03
2.3243243243e+00 -3.3665971434e-03
2.3273273273e+00 -3.3374869101e-03
2.3303303303e+00 -3.3080232449e-03
2.3333333333e+00 -3.2782043040e-03
2.3363363363e+00 -3.2480282389e-03
2.3393393393e+00 -3.2174931962e-03
2.3423423423e+00 -3.1865973179e-03
2.3453453453e+00 -3.1553387412e-03
2.3483483483e+00 -3.1237155982e-03
2.3513513514e+00 -3.0917260167e-03
2.3543543544e+00 -3.0593681193e-03
2.3573573574e+00 -3.0266400239e-03
2.3603603604e+00 -2.9935398438e-03
2.3633633634e+00 -2.9600656872e-03
2.3663663664e+00 -2.9262156577e-03
2.3693693694e+00 -2.8919878541e-03
2.3723723724e+00 -2.8573803701e-03
2.3753753754e+00 -2.8223912950e-03
2.3783783784e+00 -2.7870187130e-03
2.3813813814e+00 -2.7512607035e-03
2.3843843844e+00 -2.7151153411e-03
2.3873873874e+00 -2.6785806957e-03
2.3903903904e+00 -2.6416548322e-03
2.3933933934e+00 -2.6043358108e-03
2.3963963964e+00 -2.5666216866e-03
2.3993993994e+00 -2.5285105102e-03
2.4024024024e+00 -2.4900003272e-03
2.4054054054e+00 -2.4510891783e-03
2.4084084084e+00 -2.4117750995e-03
2.4114114114e+00 -2.3720561217e-03
2.4144144144e+00 -2.3319302712e-03
2.4174174174e+00 -2.2913955693e-03
2.4204204204e+00 -2.2504500324e-03
2.4234234234e+00 -2.2090916723e-03
2.4264264264e+00 -2.1673184956e-03
2.4294294294e+00 -2.1251285042e-03
2.4324324324e+00 -2.0825196950e-03
2.4354354354e+00 -2.0394900603e-03
2.4384384384e+00 -1.9960375872e-03
2.4414414414e+00 -1.9521602582e-03
2.4444444444e+00 -1.9078560506e-03
2.4474474474e+00 -1.8631229370e-03
2.4504504505e+00 -1.8179588852e-03
2.4534534535e+00 -1.7723618579e-03
2.4564564565e+00 -1.7263298130e-03
2.4594594595e+00 -1.6798607036e-03
2.4624624625e+00 -1.6329524777e-03
2.4654654655e+00 -1.5856030785e-03
2.4684684685e+00 -1.5378104442e-03
2.4714714715e+00 -1.4895725083e-03
2.4744744745e+00 -1.4408871991e-03
2.4774774775e+00 -1.3917524403e-03
2.4804804805e+00 -1.3421661504e-03
2.4834834835e+00 -1.2921262431e-03
2.4864864865e+00 -1.2416306272e-03
2.4894894895e+00 -1.1906772064e-03
2.4924924925e+00 -1.1392638798e-03
2.4954954955e+00 -1.0873885411e-03
2.4984984985e+00 -1.0350490796e-03
2.5015015015e+00 -9.8224337918e-04
2.5045045045e+00 -9.2896931905e-04
2.5075075075e+00 -8.7522477338e-04
2.5105105105e+00 -8.2100761142e-04
2.5135135135e+00 -7.6631569745e-04
2.5165165165e+00 -7.1114689080e-04
2.5195195195e+00 -6.5549904584e-04
2.5225225225e+00 -5.9937001197e-04
2.5255255255e+00 -5.4275763365e-04
2.5285285285e+00 -4.8565975035e-04
2.5315315315e+00 -4.2807419657e-04
2.5345345345e+00 -3.6999880186e-04
2.5375375375e+00 -3.1143139077e-04
2.5405405405e+00 -2.5236978287e-04
2.5435435435e+00 -1.9281179278e-04
2.5465465465e+00 -1.3275523009e-04
2.5495495495e+00 -7.2197899447e-05
2.5525525526e+00 -1.1137600478e-05
2.5555555556e+00 5.0427872170e-05
2.5585585586e+00 1.1250072885e-04
2.5615615616e+00 1.7508318491e-04
2.5645645646e+00 2.3817746070e-04
2.5675675676e+00 3.0178578158e-04
2.5705705706e+00 3.6591037791e-04
2.5735735736e+00 4.3055348506e-04
2.5765765766e+00 4.9571734341e-04
2.5795795796e+00 5.6140419837e-04
2.5825825826e+00 6.2761630035e-04
2.5855855856e+00 6.9435590479e-04
2.5885885886e+00 7.6162527215e-04
2.5915915916e+00 8.2942666793e-04
2.5945945946e+00 8.9776236263e-04
2.5975975976e+00 9.6663463181e-04
2.6006006006e+00 1.0360457561e-03
2.6036036036e+00 1.1059980210e-03
2.6066066066e+00 1.1764937173e-03
2.6096096096e+00 1.2475351406e-03
2.6126126126e+00 1.3191245917e-03
2.6156156156e+00 1.3912643765e-03
2.6186186186e+00 1.4639568057e-03
2.6216216216e+00 1.5372041952e-03
2.6246246246e+00 1.6110088661e-03
2.6276276276e+00 1.6853731443e-03
2.6306306306e+00 1.7602993610e-03
2.6336336336e+00 1.8357898522e-03
2.6366366366e+00 1.9118469593e-03
2.6396396396e+00 1.9884730284e-03
2.6426426426e+00 2.0656704110e-03
2.6456456456e+00 2.1434414634e-03
2.6486486486e+00 2.2217885473e-03
2.6516516517e+00 2.3007140291e-03
2.6546546547e+00 2.3802202807e-03
2.6576576577e+00 2.4603096787e-03
2.6606606607e+00 2.5409846050e-03
2.6636636637e+00 2.6222474465e-03
2.6666666667e+00 2.7041005954e-03
2.6696696697e+00 2.7865464487e-03
2.6726726727e+00 2.8695874087e-03
2.6756756757e+00 2.9532258828e-03
2.6786786787e+00 3.0374642833e-03
2.6816816817e+00 3.1223050279e-03
2.6846846847e+00 3.2077505393e-03
2.6876876877e+00 3.2938032451e-03
2.6906906907e+00 3.3804655784e-03
2.6936936937e+00 3.4677399772e-03
2.6966966967e+00 3.5556288845e-03
2.6996996997e+00 3.6441347487e-03
2.7027027027e+00 3.7332600231e-03
2.7057057057e+00 3.8230071664e-03
2.7087087087e+00 3.9133786420e-03
2.7117117117e+00 4.0043769190e-03
2.7147147147e+00 4.0960044711e-03
2.7177177177e+00 4.1882637774e-03
2.7207207207e+00 4.2811573222e-03
2.7237237237e+00 4.3746875949e-03
2.7267267267e+00 4.4688570899e-03
2.7297297297e+00 4.5636683069e-03
2.7327327327e+00 4.6591237507e-03
2.7357357357e+00 4.7552259313e-03
2.7387387387e+00 4.8519773639e-03
2.7417417417e+00 4.9493805687e-03
2.7447447447e+00 5.0474380711e-03
2.7477477477e+00 5.1461524019e-03
2.7507507508e+00 5.2455260968e-03
2.7537537538e+00 5.3455616968e-03
2.7567567568e+00 5.4462617479e-03
2.7597597598e+00 5.5476288017e-03
2.7627627628e+00 5.6496654144e-03
2.7657657658e+00 5.7523741479e-03
2.7687687688e+00 5.8557575690e-03
2.7717717718e+00 5.9598182497e-03
2.7747747748e+00 6.0645587673e-03
2.7777777778e+00 6.1699817043e-03
2.7807807808e+00 6.2760896483e-03
2.7837837838e+00 6.3828851920e-03
2.7867867868e+00 6.4903709336e-03
2.7897897898e+00 6.5985494763e-03
2.7927927928e+00 6.7074234286e-03
2.7957957958e+00 6.8169954040e-03
2.7987987988e+00 6.9272680215e-03
2.8018018018e+00 7.0382439051e-03
2.8048048048e+00 7.1499256841e-03
2.8078078078e+00 7.2623159931e-03
2.8108108108e+00 7.3754174718e-03
2.8138138138e+00 7.4892327651e-03
2.8168168168e+00 7.6037645233e-03
2.8198198198e+00 7.7190154017e-03
2.8228228228e+00 7.8349880610e-03
2.8258258258e+00 7.9516851671e-03
2.8288288288e+00 8.0691093911e-03
2.8318318318e+00 8.1872634094e-03
2.8348348348e+00 8.3061499035e-03
2.8378378378e+00 8.4257715603e-03
2.8408408408e+00 8.5461310720e-03
2.8438438438e+00 8.6672311358e-03
2.8468468468e+00 8.7890744543e-03
2.8498498498e+00 8.9116637355e-03
2.8528528529e+00 9.0350016923e-03
2.8558558559e+00 9.1590910433e-03
2.8588588589e+00 9.2839345119e-03
2.8618618619e+00 9.4095348271e-03
2.8648648649e+00 9.5358947231e-03
2.8678678679e+00 9.6630169393e-03
2.8708708709e+00 9.7909042204e-03
2.8738738739e+00 9.9195593163e-03
2.8768768769e+00 1.0048984982e-02
2.8798798799e+00 1.0179183979e-02
2.8828828829e+00 1.0310159072e-02
2.8858858859e+00 1.0441913033e-02
2.8888888889e+00 1.0574448638e-02
2.8918918919e+00 1.0707768669e-02
2.8948948949e+00 1.0841875912e-02
2.8978978979e+00 1.0976773160e-02
2.9009009009e+00 1.1112463210e-02
2.9039039039e+00 1.1248948866e-02
2.9069069069e+00 1.1386232936e-02
2.9099099099e+00 1.1524318232e-02
2.9129129129e+00 1.1663207574e-02
2.9159159159e+00 1.1802903786e-02
2.9189189189e+00 1.1943409698e-02
2.9219219219e+00 1.2084728143e-02
2.9249249249e+00 1.2226861962e-02
2.9279279279e+00 1.2369814001e-02
2.9309309309e+00 1.2513587110e-02
2.9339339339e+00 1.2658184144e-02
2.9369369369e+00 1.2803607967e-02
2.9399399399e+00 1.2949861443e-02
2.9429429429e+00 1.3096947445e-02
2.9459459459e+00 1.3244868851e-02
2.9489489489e+00 1.3393628542e-02
2.9519519520e+00 1.3543229408e-02
2.9549549550e+00 1.3693674341e-02
2.9579579580e+00 1.3844966240e-02
2.9609609610e+00 1.3997108009e-02
2.9639639640e+00 1.4150102558e-02
2.9669669670e+00 1.4303952800e-02
2.9699699700e+00 1.4458661657e-02
2.9729729730e+00 1.4614232054e-02
2.9759759760e+00 1.4770666922e-02
2.9789789790e+00 1.4927969196e-02
2.9819819820e+00 1.5086141818e-02
2.9849849850e+00 1.5245187735e-02
2.9879879880e+00 1.5405109900e-02
2.9909909910e+00 1.5565911270e-02
2.9939939940e+00 1.5727594808e-02
2.9969969970e+00 1.5890163482e-02
3.0000000000e+00 1.6053620267e-02
