# S_vals   V_full
0.0000000000e+00 0.0000000000e+00
3.0030030030e-03 5.0126771824e-08
6.0060060060e-03 2.0073571907e-07
9.0090090090e-03 4.5215611200e-07
1.2012012012e-02 8.0470033270e-07
1.5015015015e-02 1.2586649349e-06
1.8018018018e-02 1.8143313799e-06
2.1021021021e-02 2.4719666117e-06
2.4024024024e-02 3.2318235367e-06
2.7027027027e-02 4.0941414385e-06
3.0030030030e-02 5.0591463495e-06
3.3033033033e-02 6.1270513889e-06
3.6036036036e-02 7.2980570763e-06
3.9039039039e-02 8.5723516268e-06
4.2042042042e-02 9.9501112306e-06
4.5045045045e-02 1.1431500321e-05
4.8048048048e-02 1.3016671832e-05
5.1051051051e-02 1.4705767450e-05
5.4054054054e-02 1.6498917858e-05
5.7057057057e-02 1.8396242969e-05
6.0060060060e-02 2.0397852168e-05
6.3063063063e-02 2.2503844532e-05
6.6066066066e-02 2.4637679528e-05
6.9069069069e-02 2.6827583370e-05
7.2072072072e-02 2.9116547499e-05
7.5075075075e-02 3.1504632005e-05
7.8078078078e-02 3.3991887770e-05
8.1081081081e-02 3.6578356682e-05
8.4084084084e-02 3.9264071840e-05
8.7087087087e-02 4.2049057765e-05
9.0090090090e-02 4.4933330599e-05
9.3093093093e-02 4.7834816538e-05
9.6096096096e-02 5.0810224094e-05
9.9099099099e-02 5.3881507447e-05
1.0210210210e-01 5.7048651211e-05
1.0510510511e-01 6.0311632602e-05
1.0810810811e-01 6.3670421623e-05
1.1111111111e-01 6.7124981251e-05
1.1411411411e-01 7.0575853081e-05
1.1711711712e-01 7.4119320685e-05
1.2012012012e-01 7.7755745258e-05
1.2312312312e-01 8.1485063454e-05
1.2612612613e-01 8.5307205782e-05
1.2912912913e-01 8.9196147144e-05
1.3213213213e-01 9.3106594267e-05
1.3513513514e-01 9.7107389365e-05
1.3813813814e-01 1.0119843999e-04
1.4114114114e-01 1.0537964835e-04
1.4414414414e-01 1.0962970589e-04
1.4714714715e-01 1.1389660256e-04
1.5015015015e-01 1.1825138842e-04
1.5315315315e-01 1.2269394574e-04
1.5615615616e-01 1.2722415223e-04
1.5915915916e-01 1.3178083755e-04
1.6216216216e-01 1.3639314095e-04
1.6516516517e-01 1.4109096529e-04
1.6816816817e-01 1.4587417107e-04
1.7117117117e-01 1.5070018007e-04
1.7417417417e-01 1.5556323283e-04
1.7717717718e-01 1.6050965165e-04
1.8018018018e-01 1.6553928187e-04
1.8318318318e-01 1.7060176394e-04
1.8618618619e-01 1.7570848769e-04
1.8918918919e-01 1.8089649350e-04
1.9219219219e-01 1.8616561332e-04
1.9519519520e-01 1.9143731736e-04
1.9819819820e-01 1.9678045694e-04
2.0120120120e-01 2.0220284943e-04
2.0420420420e-01 2.0766705874e-04
2.0720720721e-01 2.1316180330e-04
2.1021021021e-01 2.1873400348e-04
2.1321321321e-01 2.2437162817e-04
2.1621621622e-01 2.3001425411e-04
2.1921921922e-01 2.3573259172e-04
2.2222222222e-01 2.4152644626e-04
2.2522522523e-01 2.4731378952e-04
2.2822822823e-01 2.5317444984e-04
2.3123123123e-01 2.5910892217e-04
2.3423423423e-01 2.6503810639e-04
2.3723723724e-01 2.7103718033e-04
2.4024024024e-01 2.7710347512e-04
2.4324324324e-01 2.8316625230e-04
2.4624624625e-01 2.8929975923e-04
2.4924924925e-01 2.9548357378e-04
2.5225225225e-01 3.0167835586e-04
2.5525525526e-01 3.0794227452e-04
2.5825825826e-01 3.1423273739e-04
2.6126126126e-01 3.2055544246e-04
2.6426426426e-01 3.2694571911e-04
2.6726726727e-01 3.3333275058e-04
2.7027027027e-01 3.3977928729e-04
2.7327327327e-01 3.4626451263e-04
2.7627627628e-01 3.5276604263e-04
2.7927927928e-01 3.5933231615e-04
2.8228228228e-01 3.6589692910e-04
2.8528528529e-01 3.7251559369e-04
2.8828828829e-01 3.7916349359e-04
2.9129129129e-01 3.8583317715e-04
2.9429429429e-01 3.9255779418e-04
2.9729729730e-01 3.9927707267e-04
3.0030030030e-01 4.0605715130e-04
3.0330330330e-01 4.1283973232e-04
3.0630630631e-01 4.1966674911e-04
3.0930930931e-01 4.2651399360e-04
3.1231231231e-01 4.3338647233e-04
3.1531531532e-01 4.4029302855e-04
3.1831831832e-01 4.4720946240e-04
3.2132132132e-01 4.5417030114e-04
3.2432432432e-01 4.6112916293e-04
3.2732732733e-01 4.6813953971e-04
3.3033033033e-01 4.7513927975e-04
3.3333333333e-01 4.8219380996e-04
3.3633633634e-01 4.8923375718e-04
3.3933933934e-01 4.9632650434e-04
3.4234234234e-01 5.0340675219e-04
3.4534534535e-01 5.1053615744e-04
3.4834834835e-01 5.1765261065e-04
3.5135135135e-01 5.2481710787e-04
3.5435435435e-01 5.3196585370e-04
3.5735735736e-01 5.3916063375e-04
3.6036036036e-01 5.4634116238e-04
3.6336336336e-01 5.5356144241e-04
3.6636636637e-01 5.6077336056e-04
3.6936936937e-01 5.6801569223e-04
3.7237237237e-01 5.7525740840e-04
3.7537537538e-01 5.8251847069e-04
3.7837837838e-01 5.8978839172e-04
3.8138138138e-01 5.9706497521e-04
3.8438438438e-01 6.0436151102e-04
3.8738738739e-01 6.1165051263e-04
3.9039039039e-01 6.1896915729e-04
3.9339339339e-01 6.2627048878e-04
3.9639639640e-01 6.3359624661e-04
3.9939939940e-01 6.4092040654e-04
4.0240240240e-01 6.4825045158e-04
4.0540540541e-01 6.5559585568e-04
4.0840840841e-01 6.6292744068e-04
4.1141141141e-01 6.7027993298e-04
4.1441441441e-01 6.7762296520e-04
4.1741741742e-01 6.8497235592e-04
4.2042042042e-01 6.9233285415e-04
4.2342342342e-01 6.9967660573e-04
4.2642642643e-01 7.0703555029e-04
4.2942942943e-01 7.1438864462e-04
4.3243243243e-01 7.2173770261e-04
4.3543543544e-01 7.2909847791e-04
4.3843843844e-01 7.3644130620e-04
4.4144144144e-01 7.4378817471e-04
4.4444444444e-01 7.5114251258e-04
4.4744744745e-01 7.5847320845e-04
4.5045045045e-01 7.6581083317e-04
4.5345345345e-01 7.7314983831e-04
4.5645645646e-01 7.8046755814e-04
4.5945945946e-01 7.8778927220e-04
4.6246246246e-01 7.9511006117e-04
4.6546546547e-01 8.0240831137e-04
4.6846846847e-01 8.0970779816e-04
4.7147147147e-01 8.1700724149e-04
4.7447447447e-01 8.2428010263e-04
4.7747747748e-01 8.3155135688e-04
4.8048048048e-01 8.3882004933e-04
4.8348348348e-01 8.4606818746e-04
4.8648648649e-01 8.5330548696e-04
4.8948948949e-01 8.6053784000e-04
4.9249249249e-01 8.6775838373e-04
4.9549549550e-01 8.7495626010e-04
4.9849849850e-01 8.8214693004e-04
5.0150150150e-01 8.8932936012e-04
5.0450450450e-01 8.9649025734e-04
5.0750750751e-01 9.0363412728e-04
5.1051051051e-01 9.1076766119e-04
5.1351351351e-01 9.1788990938e-04
5.1651651652e-01 9.2498667941e-04
5.1951951952e-01 9.3206650696e-04
5.2252252252e-01 9.3913310052e-04
5.2552552553e-01 9.4618558300e-04
5.2852852853e-01 9.5321375856e-04
5.3153153153e-01 9.6022015492e-04
5.3453453453e-01 9.6721061950e-04
5.3753753754e-01 9.7418433987e-04
5.4054054054e-01 9.8113949001e-04
5.4354354354e-01 9.8806364163e-04
5.4654654655e-01 9.9496934450e-04
5.4954954955e-01 1.0018558408e-03
5.5255255255e-01 1.0087223921e-03
5.5555555556e-01 1.0155671885e-03
5.5855855856e-01 1.0223799917e-03
5.6156156156e-01 1.0291712803e-03
5.6456456456e-01 1.0359403646e-03
5.6756756757e-01 1.0426865713e-03
5.7057057057e-01 1.0494092428e-03
5.7357357357e-01 1.0561032691e-03
5.7657657658e-01 1.0627674732e-03
5.7957957958e-01 1.0694067169e-03
5.8258258258e-01 1.0760203847e-03
5.8558558559e-01 1.0826078728e-03
5.8858858859e-01 1.0891685894e-03
5.9159159159e-01 1.0957019570e-03
5.9459459459e-01 1.1022012956e-03
5.9759759760e-01 1.1086710992e-03
6.0060060060e-01 1.1151122779e-03
6.0360360360e-01 1.1215242854e-03
6.0660660661e-01 1.1279065886e-03
6.0960960961e-01 1.1342586649e-03
6.1261261261e-01 1.1405800008e-03
6.1561561562e-01 1.1468700961e-03
6.1861861862e-01 1.1531269952e-03
6.2162162162e-01 1.1593482214e-03
6.2462462462e-01 1.1655370735e-03
6.2762762763e-01 1.1716930760e-03
6.3063063063e-01 1.1778157681e-03
6.3363363363e-01 1.1839046907e-03
6.3663663664e-01 1.1899593958e-03
6.3963963964e-01 1.1959794450e-03
6.4264264264e-01 1.2019644064e-03
6.4564564565e-01 1.2079138563e-03
6.4864864865e-01 1.2138273773e-03
6.5165165165e-01 1.2197045609e-03
6.5465465465e-01 1.2255450085e-03
6.5765765766e-01 1.2313483263e-03
6.6066066066e-01 1.2371141280e-03
6.6366366366e-01 1.2428420283e-03
6.6666666667e-01 1.2485305321e-03
6.6966966967e-01 1.2541804028e-03
6.7267267267e-01 1.2597914952e-03
6.7567567568e-01 1.2653634440e-03
6.7867867868e-01 1.2708959013e-03
6.8168168168e-01 1.2763885163e-03
6.8468468468e-01 1.2818409548e-03
6.8768768769e-01 1.2872528770e-03
6.9069069069e-01 1.2926239584e-03
6.9369369369e-01 1.2979538744e-03
6.9669669670e-01 1.3032423070e-03
6.9969969970e-01 1.3084889489e-03
7.0270270270e-01 1.3136934941e-03
7.0570570571e-01 1.3188556433e-03
7.0870870871e-01 1.3239741591e-03
7.1171171171e-01 1.3290491822e-03
7.1471471471e-01 1.3340807859e-03
7.1771771772e-01 1.3390686973e-03
7.2072072072e-01 1.3440126459e-03
7.2372372372e-01 1.3489123656e-03
7.2672672673e-01 1.3537675993e-03
7.2972972973e-01 1.3585750470e-03
7.3273273273e-01 1.3633370267e-03
7.3573573574e-01 1.3680537499e-03
7.3873873874e-01 1.3727249765e-03
7.4174174174e-01 1.3773504693e-03
7.4474474474e-01 1.3819299978e-03
7.4774774775e-01 1.3864633304e-03
7.5075075075e-01 1.3909502433e-03
7.5375375375e-01 1.3953895367e-03
7.5675675676e-01 1.3997793285e-03
7.5975975976e-01 1.4041219567e-03
7.6276276276e-01 1.4084172174e-03
7.6576576577e-01 1.4126649071e-03
7.6876876877e-01 1.4168648339e-03
7.7177177177e-01 1.4210168045e-03
7.7477477477e-01 1.4251206317e-03
7.7777777778e-01 1.4291761337e-03
7.8078078078e-01 1.4331796667e-03
7.8378378378e-01 1.4371332993e-03
7.8678678679e-01 1.4410379985e-03
7.8978978979e-01 1.4448935982e-03
7.9279279279e-01 1.4486999379e-03
7.9579579580e-01 1.4524568569e-03
7.9879879880e-01 1.4561636380e-03
8.0180180180e-01 1.4598159422e-03
8.0480480480e-01 1.4634183065e-03
8.0780780781e-01 1.4669705932e-03
8.1081081081e-01 1.4704726623e-03
8.1381381381e-01 1.4739243816e-03
8.1681681682e-01 1.4773228769e-03
8.1981981982e-01 1.4806676386e-03
8.2282282282e-01 1.4839616108e-03
8.2582582583e-01 1.4872046682e-03
8.2882882883e-01 1.4903967130e-03
8.3183183183e-01 1.4935345750e-03
8.3483483483e-01 1.4966179619e-03
8.3783783784e-01 1.4996499584e-03
8.4084084084e-01 1.5026304617e-03
8.4384384384e-01 1.5055593795e-03
8.4684684685e-01 1.5084301764e-03
8.4984984985e-01 1.5112489878e-03
8.5285285285e-01 1.5140159024e-03
8.5585585586e-01 1.5167308412e-03
8.5885885886e-01 1.5193880880e-03
8.6186186186e-01 1.5219918981e-03
8.6486486486e-01 1.5245434717e-03
8.6786786787e-01 1.5270427439e-03
8.7087087087e-01 1.5294828973e-03
8.7387387387e-01 1.5318701721e-03
8.7687687688e-01 1.5342049335e-03
8.7987987988e-01 1.5364849181e-03
8.8288288288e-01 1.5387070904e-03
8.8588588589e-01 1.5408765716e-03
8.8888888889e-01 1.5429933240e-03
8.9189189189e-01 1.5450508349e-03
8.9489489489e-01 1.5470543950e-03
8.9789789790e-01 1.5490050924e-03
9.0090090090e-01 1.5508984604e-03
9.0390390390e-01 1.5527355705e-03
9.0690690691e-01 1.5545197223e-03
9.0990990991e-01 1.5562474515e-03
9.1291291291e-01 1.5579177009e-03
9.1591591592e-01 1.5595349327e-03
9.1891891892e-01 1.5610956996e-03
9.2192192192e-01 1.5625987976e-03
9.2492492492e-01 1.5640488501e-03
9.2792792793e-01 1.5654415109e-03
9.3093093093e-01 1.5667772736e-03
9.3393393393e-01 1.5680599982e-03
9.3693693694e-01 1.5692835747e-03
9.3993993994e-01 1.5704519283e-03
9.4294294294e-01 1.5715670202e-03
9.4594594595e-01 1.5726209635e-03
9.4894894895e-01 1.5736219460e-03
9.5195195195e-01 1.5745665010e-03
9.5495495495e-01 1.5754531243e-03
9.5795795796e-01 1.5762868726e-03
9.6096096096e-01 1.5770603507e-03
9.6396396396e-01 1.5777798618e-03
9.6696696697e-01 1.5784432541e-03
9.6996996997e-01 1.5790486202e-03
9.7297297297e-01 1.5796013397e-03
9.7597597598e-01 1.5800929109e-03
9.7897897898e-01 1.5805317262e-03
9.8198198198e-01 1.5809125721e-03
9.8498498498e-01 1.5812376677e-03
9.8798798799e-01 1.5815075388e-03
9.9099099099e-01 1.5817191220e-03
9.9399399399e-01 1.5818778216e-03
9.9699699700e-01 1.5819761432e-03
1.0000000000e+00 1.5820224339e-03
1.0030030030e+00 1.5820088616e-03
1.0060060060e+00 1.5819423402e-03
1.0090090090e+00 1.5818174903e-03
1.0120120120e+00 1.5816384836e-03
1.0150150150e+00 1.5814023227e-03
1.0180180180e+00 1.5811111891e-03
1.0210210210e+00 1.5807637314e-03
1.0240240240e+00 1.5803608562e-03
1.0270270270e+00 1.5799021668e-03
1.0300300300e+00 1.5793862280e-03
1.0330330330e+00 1.5788133708e-03
1.0360360360e+00 1.5781852525e-03
1.0390390390e+00 1.5775014028e-03
1.0420420420e+00 1.5767628766e-03
1.0450450450e+00 1.5759682271e-03
1.0480480480e+00 1.5751198032e-03
1.0510510511e+00 1.5742145898e-03
1.0540540541e+00 1.5732568123e-03
1.0570570571e+00 1.5722413138e-03
1.0600600601e+00 1.5711746994e-03
1.0630630631e+00 1.5700492869e-03
1.0660660661e+00 1.5688727617e-03
1.0690690691e+00 1.5676394732e-03
1.0720720721e+00 1.5663534221e-03
1.0750750751e+00 1.5650129003e-03
1.0780780781e+00 1.5636177495e-03
1.0810810811e+00 1.5621706712e-03
1.0840840841e+00 1.5606668811e-03
1.0870870871e+00 1.5591123217e-03
1.0900900901e+00 1.5575020228e-03
1.0930930931e+00 1.5558394875e-03
1.0960960961e+00 1.5541244495e-03
1.0990990991e+00 1.5523544976e-03
1.1021021021e+00 1.5505341439e-03
1.1051051051e+00 1.5486587301e-03
1.1081081081e+00 1.5467317791e-03
1.1111111111e+00 1.5447536279e-03
1.1141141141e+00 1.5427207363e-03
1.1171171171e+00 1.5406379487e-03
1.1201201201e+00 1.5385025537e-03
1.1231231231e+00 1.5363147930e-03
1.1261261261e+00 1.5340774837e-03
1.1291291291e+00 1.5317868557e-03
1.1321321321e+00 1.5294456261e-03
1.1351351351e+00 1.5270552462e-03
1.1381381381e+00 1.5246114964e-03
1.1411411411e+00 1.5221183364e-03
1.1441441441e+00 1.5195764740e-03
1.1471471471e+00 1.5169818205e-03
1.1501501502e+00 1.5143384074e-03
1.1531531532e+00 1.5116467848e-03
1.1561561562e+00 1.5089035394e-03
1.1591591592e+00 1.5061116777e-03
1.1621621622e+00 1.5032721547e-03
1.1651651652e+00 1.5003827298e-03
1.1681681682e+00 1.4974443577e-03
1.1711711712e+00 1.4944589168e-03
1.1741741742e+00 1.4631320002e-03
1.1771771772e+00 1.4781185722e-03
1.1801801802e+00 1.4852137706e-03
1.1831831832e+00 1.4820382837e-03
1.1861861862e+00 1.4788145647e-03
1.1891891892e+00 1.4755437543e-03
1.1921921922e+00 1.4722274022e-03
1.1951951952e+00 1.4688657168e-03
1.1981981982e+00 1.4654562579e-03
1.2012012012e+00 1.4620014483e-03
1.2042042042e+00 1.4585020633e-03
1.2072072072e+00 1.4549583399e-03
1.2102102102e+00 1.4513682707e-03
1.2132132132e+00 1.4477337611e-03
1.2162162162e+00 1.4440557296e-03
1.2192192192e+00 1.4403344288e-03
1.2222222222e+00 1.4365691186e-03
1.2252252252e+00 1.4327595112e-03
1.2282282282e+00 1.4289075129e-03
1.2312312312e+00 1.4250133985e-03
1.2342342342e+00 1.4210774439e-03
1.2372372372e+00 1.4170986369e-03
1.2402402402e+00 1.4130776507e-03
1.2432432432e+00 1.4090157754e-03
1.2462462462e+00 1.4049133083e-03
1.2492492492e+00 1.4007705543e-03
1.2522522523e+00 1.3965874847e-03
1.2552552553e+00 1.3923631855e-03
1.2582582583e+00 1.3880996209e-03
1.2612612613e+00 1.3837940823e-03
1.2642642643e+00 1.3794480328e-03
1.2672672673e+00 1.3750636927e-03
1.2702702703e+00 1.3706414025e-03
1.2732732733e+00 1.3661800736e-03
1.2762762763e+00 1.3616814293e-03
1.2792792793e+00 1.3571459477e-03
1.2822822823e+00 1.3525739889e-03
1.2852852853e+00 1.3479659149e-03
1.2882882883e+00 1.3433220976e-03
1.2912912913e+00 1.3386429056e-03
1.2942942943e+00 1.3339285100e-03
1.2972972973e+00 1.3270164982e-03
1.3003003003e+00 1.3222346765e-03
1.3033033033e+00 1.3174190844e-03
1.3063063063e+00 1.3125701333e-03
1.3093093093e+00 1.3076882110e-03
1.3123123123e+00 1.3027737007e-03
1.3153153153e+00 1.2978270536e-03
1.3183183183e+00 1.2928486731e-03
1.3213213213e+00 1.2878389743e-03
1.3243243243e+00 1.2849400200e-03
1.3273273273e+00 1.2798666750e-03
1.3303303303e+00 1.2747628929e-03
1.3333333333e+00 1.2696293891e-03
1.3363363363e+00 1.2644667856e-03
1.3393393393e+00 1.2592755297e-03
1.3423423423e+00 1.2540560737e-03
1.3453453453e+00 1.2488088742e-03
1.3483483483e+00 1.2435343928e-03
1.3513513514e+00 1.2382330946e-03
1.3543543544e+00 1.2329054503e-03
1.3573573574e+00 1.2275519346e-03
1.3603603604e+00 1.2221730266e-03
1.3633633634e+00 1.2167692107e-03
1.3663663664e+00 1.2113409742e-03
1.3693693694e+00 1.2058888107e-03
1.3723723724e+00 1.2004132169e-03
1.3753753754e+00 1.1949146942e-03
1.3783783784e+00 1.1893937489e-03
1.3813813814e+00 1.1838508911e-03
1.3843843844e+00 1.1782866358e-03
1.3873873874e+00 1.1727015021e-03
1.3903903904e+00 1.1670960135e-03
1.3933933934e+00 1.1614706980e-03
1.3963963964e+00 1.1558260874e-03
1.3993993994e+00 1.1501627186e-03
1.4024024024e+00 1.1444811321e-03
1.4054054054e+00 1.1387818735e-03
1.4084084084e+00 1.1330654919e-03
1.4114114114e+00 1.1273325413e-03
1.4144144144e+00 1.1215833662e-03
1.4174174174e+00 1.1158184285e-03
1.4204204204e+00 1.1100385798e-03
1.4234234234e+00 1.1042443919e-03
1.4264264264e+00 1.0984364402e-03
1.4294294294e+00 1.0926153047e-03
1.4324324324e+00 1.0867815694e-03
1.4354354354e+00 1.0809358225e-03
1.4384384384e+00 1.0750786569e-03
1.4414414414e+00 1.0692106693e-03
1.4444444444e+00 1.0633324601e-03
1.4474474474e+00 1.0574446353e-03
1.4504504505e+00 1.0515469961e-03
1.4534534535e+00 1.0456408919e-03
1.4564564565e+00 1.0397249187e-03
1.4594594595e+00 1.0338010279e-03
1.4624624625e+00 1.0278705824e-03
1.4654654655e+00 1.0219342126e-03
1.4684684685e+00 1.0159925533e-03
1.4714714715e+00 1.0100460296e-03
1.4744744745e+00 1.0040946468e-03
1.4774774775e+00 9.9813988432e-04
1.4804804805e+00 9.9218239747e-04
1.4834834835e+00 9.8622283912e-04
1.4864864865e+00 9.8026186490e-04
1.4894894895e+00 9.7430014313e-04
1.4924924925e+00 9.6833719339e-04
1.4954954955e+00 9.6237475697e-04
1.4984984985e+00 9.5641357368e-04
1.5015015015e+00 9.5045432388e-04
1.5045045045e+00 9.4449769282e-04
1.5075075075e+00 9.3854363396e-04
1.5105105105e+00 9.3259297252e-04
1.5135135135e+00 9.2664699478e-04
1.5165165165e+00 9.2070640240e-04
1.5195195195e+00 9.1477190147e-04
1.5225225225e+00 9.0884314343e-04
1.5255255255e+00 9.0292151845e-04
1.5285285285e+00 8.9700811386e-04
1.5315315315e+00 8.9110365218e-04
1.5345345345e+00 8.8520832571e-04
1.5375375375e+00 8.7932241339e-04
1.5405405405e+00 8.7344762398e-04
1.5435435435e+00 8.6758469668e-04
1.5465465465e+00 8.6173390585e-04
1.5495495495e+00 8.5589534301e-04
1.5525525526e+00 8.5007087301e-04
1.5555555556e+00 8.4426125113e-04
1.5585585586e+00 8.3846640812e-04
1.5615615616e+00 8.3268710663e-04
1.5645645646e+00 8.2692493529e-04
1.5675675676e+00 8.2118066579e-04
1.5705705706e+00 8.1545348620e-04
1.5735735736e+00 8.0974563259e-04
1.5765765766e+00 8.0405801269e-04
1.5795795796e+00 7.9839046741e-04
1.5825825826e+00 7.9274391635e-04
1.5855855856e+00 7.8711996945e-04
1.5885885886e+00 7.8151887160e-04
1.5915915916e+00 7.7594072485e-04
1.5945945946e+00 7.7038759048e-04
1.5975975976e+00 7.6485988332e-04
1.6006006006e+00 7.5935735980e-04
1.6036036036e+00 7.5388229423e-04
1.6066066066e+00 7.4843504951e-04
1.6096096096e+00 7.4301548394e-04
1.6126126126e+00 7.3762585940e-04
1.6156156156e+00 7.3226627573e-04
1.6186186186e+00 7.2693711850e-04
1.6216216216e+00 7.2164042346e-04
1.6246246246e+00 7.1637582673e-04
1.6276276276e+00 7.1114306314e-04
1.6306306306e+00 7.0594416372e-04
1.6336336336e+00 7.0077926225e-04
1.6366366366e+00 6.9565098764e-04
1.6396396396e+00 6.9055962426e-04
1.6426426426e+00 6.8550542351e-04
1.6456456456e+00 6.8049058586e-04
1.6486486486e+00 6.7551430448e-04
1.6516516517e+00 6.7057879335e-04
1.6546546547e+00 6.6568453797e-04
1.6576576577e+00 6.6083188989e-04
1.6606606607e+00 6.5602305666e-04
1.6636636637e+00 6.5125689191e-04
1.6666666667e+00 6.4653630309e-04
1.6696696697e+00 6.4186088954e-04
1.6726726727e+00 6.3723216842e-04
1.6756756757e+00 6.3265104571e-04
1.6786786787e+00 6.2811785065e-04
1.6816816817e+00 6.2363459657e-04
1.6846846847e+00 6.1920062072e-04
1.6876876877e+00 6.1481873675e-04
1.6906906907e+00 6.1048782263e-04
1.6936936937e+00 6.0621077109e-04
1.6966966967e+00 6.0198687264e-04
1.6996996997e+00 5.9781843276e-04
1.7027027027e+00 5.9370525943e-04
1.7057057057e+00 5.8964924524e-04
1.7087087087e+00 5.8565054429e-04
1.7117117117e+00 5.8171080443e-04
1.7147147147e+00 5.7783035988e-04
1.7177177177e+00 5.7401077727e-04
1.7207207207e+00 5.7025241115e-04
1.7237237237e+00 5.6655690362e-04
1.7267267267e+00 5.6292447456e-04
1.7297297297e+00 5.5935699406e-04
1.7327327327e+00 5.5585439840e-04
1.7357357357e+00 5.5241893163e-04
1.7387387387e+00 5.4905010182e-04
1.7417417417e+00 5.4575062201e-04
1.7447447447e+00 5.4251957572e-04
1.7477477477e+00 5.3935980219e-04
1.7507507508e+00 5.3627088250e-04
1.7537537538e+00 5.3325484076e-04
1.7567567568e+00 5.3031215476e-04
1.7597597598e+00 5.2744390773e-04
1.7627627628e+00 5.2465159727e-04
1.7657657658e+00 5.2193524317e-04
1.7687687688e+00 5.1929723646e-04
1.7717717718e+00 5.1673715914e-04
1.7747747748e+00 5.1425723763e-04
1.7777777778e+00 5.1185803770e-04
1.7807807808e+00 5.0954039187e-04
1.7837837838e+00 5.0730226031e-04
1.7867867868e+00 5.0514676699e-04
1.7897897898e+00 5.0307679503e-04
1.7927927928e+00 5.0109288235e-04
1.7957957958e+00 4.9919578410e-04
1.7987987988e+00 4.9738746136e-04
1.8018018018e+00 4.9566789451e-04
1.8048048048e+00 4.9403891491e-04
1.8078078078e+00 4.9250186345e-04
1.8108108108e+00 4.9105659977e-04
1.8138138138e+00 4.8970550795e-04
1.8168168168e+00 4.8844935922e-04
1.8198198198e+00 4.8728859037e-04
1.8228228228e+00 4.8622528142e-04
1.8258258258e+00 4.8526012438e-04
1.8288288288e+00 4.8439382791e-04
1.8318318318e+00 4.8362832259e-04
1.8348348348e+00 4.8296436446e-04
1.8378378378e+00 4.8240264359e-04
1.8408408408e+00 4.8194508743e-04
1.8438438438e+00 4.8159265239e-04
1.8468468468e+00 4.8134573524e-04
1.8498498498e+00 4.8120639852e-04
1.8528528529e+00 4.8117578123e-04
1.8558558559e+00 4.8125416825e-04
1.8588588589e+00 4.8144344619e-04
1.8618618619e+00 4.8174491651e-04
1.8648648649e+00 4.8215937487e-04
1.8678678679e+00 4.8268778632e-04
1.8708708709e+00 4.8333190530e-04
1.8738738739e+00 4.8409290403e-04
1.8768768769e+00 4.8497134089e-04
1.8798798799e+00 4.8596879354e-04
1.8828828829e+00 4.8708669757e-04
1.8858858859e+00 4.8832624472e-04
1.8888888889e+00 4.8968799218e-04
1.8918918919e+00 4.9117365188e-04
1.8948948949e+00 4.9278458264e-04
1.8978978979e+00 4.9452199494e-04
1.9009009009e+00 4.9638666613e-04
1.9039039039e+00 4.9837999575e-04
1.9069069069e+00 5.0050349072e-04
1.9099099099e+00 5.0275838100e-04
1.9129129129e+00 5.0514587104e-04
1.9159159159e+00 5.0766662918e-04
1.9189189189e+00 5.1032252216e-04
1.9219219219e+00 5.1311479843e-04
1.9249249249e+00 5.1604371456e-04
1.9279279279e+00 5.1910990414e-04
1.9309309309e+00 5.2231570224e-04
1.9339339339e+00 5.2566294023e-04
1.9369369369e+00 5.2915289298e-04
1.9399399399e+00 5.3278683787e-04
1.9429429429e+00 5.3656605749e-04
1.9459459459e+00 5.4049171798e-04
1.9489489489e+00 5.4456489756e-04
1.9519519520e+00 5.4878724421e-04
1.9549549550e+00 5.5316005929e-04
1.9579579580e+00 5.5768464855e-04
1.9609609610e+00 5.6236232216e-04
1.9639639640e+00 5.6719439587e-04
1.9669669670e+00 5.7218202583e-04
1.9699699700e+00 5.7732651132e-04
1.9729729730e+00 5.8262938680e-04
1.9759759760e+00 5.8809198622e-04
1.9789789790e+00 5.9371564841e-04
1.9819819820e+00 5.9950171668e-04
1.9849849850e+00 6.0545153958e-04
1.9879879880e+00 6.1156646949e-04
1.9909909910e+00 6.1784786438e-04
1.9939939940e+00 6.2429695201e-04
1.9969969970e+00 6.3091513670e-04
2.0000000000e+00 6.3770390159e-04
2.0030030030e+00 6.4466462286e-04
2.0060060060e+00 6.5179868147e-04
2.0090090090e+00 6.5910746337e-04
2.0120120120e+00 6.6659235869e-04
2.0150150150e+00 6.7425476274e-04
2.0180180180e+00 6.8209607534e-04
2.0210210210e+00 6.9011770073e-04
2.0240240240e+00 6.9832104882e-04
2.0270270270e+00 7.0670753292e-04
2.0300300300e+00 7.1527857170e-04
2.0330330330e+00 7.2403558893e-04
2.0360360360e+00 7.3298001252e-04
2.0390390390e+00 7.4211327483e-04
2.0420420420e+00 7.5143681339e-04
2.0450450450e+00 7.6095207064e-04
2.0480480480e+00 7.7066049328e-04
2.0510510511e+00 7.8056353259e-04
2.0540540541e+00 7.9066264472e-04
2.0570570571e+00 8.0095890645e-04
2.0600600601e+00 8.1145198142e-04
2.0630630631e+00 8.2214552222e-04
2.0660660661e+00 8.3304100410e-04
2.0690690691e+00 8.4413990592e-04
2.0720720721e+00 8.5544371262e-04
2.0750750751e+00 8.6695391239e-04
2.0780780781e+00 8.7867199978e-04
2.0810810811e+00 8.9059947236e-04
2.0840840841e+00 9.0273783366e-04
2.0870870871e+00 9.1508859074e-04
2.0900900901e+00 9.2765325664e-04
2.0930930931e+00 9.4043334791e-04
2.0960960961e+00 9.5343038639e-04
2.0990990991e+00 9.6664589848e-04
2.1021021021e+00 9.8008141529e-04
2.1051051051e+00 9.9373847243e-04
2.1081081081e+00 1.0076186105e-03
2.1111111111e+00 1.0217233745e-03
2.1141141141e+00 1.0360543143e-03
2.1171171171e+00 1.0506129843e-03
2.1201201201e+00 1.0654009173e-03
2.1231231231e+00 1.0804195302e-03
2.1261261261e+00 1.0956705574e-03
2.1291291291e+00 1.1111555725e-03
2.1321321321e+00 1.1268761536e-03
2.1351351351e+00 1.1428338832e-03
2.1381381381e+00 1.1590303488e-03
2.1411411411e+00 1.1754671423e-03
2.1441441441e+00 1.1921458604e-03
2.1471471471e+00 1.2090680416e-03
2.1501501502e+00 1.2262351494e-03
2.1531531532e+00 1.2436489941e-03
2.1561561562e+00 1.2613111914e-03
2.1591591592e+00 1.2792233613e-03
2.1621621622e+00 1.2973871290e-03
2.1651651652e+00 1.3158041237e-03
2.1681681682e+00 1.3344758462e-03
2.1711711712e+00 1.3534038862e-03
2.1741741742e+00 1.3725900654e-03
2.1771771772e+00 1.3920360320e-03
2.1801801802e+00 1.4117434394e-03
2.1831831832e+00 1.4317113987e-03
2.1861861862e+00 1.4519422200e-03
2.1891891892e+00 1.4724393514e-03
2.1921921922e+00 1.4932045728e-03
2.1951951952e+00 1.5142395608e-03
2.1981981982e+00 1.5355459966e-03
2.2012012012e+00 1.5571253226e-03
2.2042042042e+00 1.5789793325e-03
2.2072072072e+00 1.6011098591e-03
2.2102102102e+00 1.6235186021e-03
2.2132132132e+00 1.6462072366e-03
2.2162162162e+00 1.6691771244e-03
2.2192192192e+00 1.6924303539e-03
2.2222222222e+00 1.7159686449e-03
2.2252252252e+00 1.7397937209e-03
2.2282282282e+00 1.7639069338e-03
2.2312312312e+00 1.7883103372e-03
2.2342342342e+00 1.8130057223e-03
2.2372372372e+00 1.8379948323e-03
2.2402402402e+00 1.8632789777e-03
2.2432432432e+00 1.8888603312e-03
2.2462462462e+00 1.9147406632e-03
2.2492492492e+00 1.9409215947e-03
2.2522522523e+00 1.9674047046e-03
2.2552552553e+00 1.9941920898e-03
2.2582582583e+00 2.0212855267e-03
2.2612612613e+00 2.0486863931e-03
2.2642642643e+00 2.0763967930e-03
2.2672672673e+00 2.1044185983e-03
2.2702702703e+00 2.1327533395e-03
2.2732732733e+00 2.1614028454e-03
2.2762762763e+00 2.1903691539e-03
2.2792792793e+00 2.2196538802e-03
2.2822822823e+00 2.2492587132e-03
2.2852852853e+00 2.2791857886e-03
2.2882882883e+00 2.3094367439e-03
2.2912912913e+00 2.3400132549e-03
2.2942942943e+00 2.3709174913e-03
2.2972972973e+00 2.4021510529e-03
2.3003003003e+00 2.4337149426e-03
2.3033033033e+00 2.4656103783e-03
2.3063063063e+00 2.4978405660e-03
2.3093093093e+00 2.5304075132e-03
2.3123123123e+00 2.5633132784e-03
2.3153153153e+00 2.5965592150e-03
2.3183183183e+00 2.6301476637e-03
2.3213213213e+00 2.6640803780e-03
2.3243243243e+00 2.6983590039e-03
2.3273273273e+00 2.7329858255e-03
2.3303303303e+00 2.7679623111e-03
2.3333333333e+00 2.8032906268e-03
2.3363363363e+00 2.8389726766e-03
2.3393393393e+00 2.8750100776e-03
2.3423423423e+00 2.9114051728e-03
2.3453453453e+00 2.9481593868e-03
2.3483483483e+00 2.9852750296e-03
2.3513513514e+00 3.0227538424e-03
2.3543543544e+00 3.0605977209e-03
2.3573573574e+00 3.0988088115e-03
2.3603603604e+00 3.1373886527e-03
2.3633633634e+00 3.1763396883e-03
2.3663663664e+00 3.2156633100e-03
2.3693693694e+00 3.2553619749e-03
2.3723723724e+00 3.2954372566e-03
2.3753753754e+00 3.3358913754e-03
2.3783783784e+00 3.3767261352e-03
2.3813813814e+00 3.4179435714e-03
2.3843843844e+00 3.4595456674e-03
2.3873873874e+00 3.5015343238e-03
2.3903903904e+00 3.5439116537e-03
2.3933933934e+00 3.5866794722e-03
2.3963963964e+00 3.6298399740e-03
2.3993993994e+00 3.6733949353e-03
2.4024024024e+00 3.7173465869e-03
2.4054054054e+00 3.7616967112e-03
2.4084084084e+00 3.8064475301e-03
2.4114114114e+00 3.8516008760e-03
2.4144144144e+00 3.8971566149e-03
2.4174174174e+00 3.9431188309e-03
2.4204204204e+00 3.9894897431e-03
2.4234234234e+00 4.0362714110e-03
2.4264264264e+00 4.0834657768e-03
2.4294294294e+00 4.1310750735e-03
2.4324324324e+00 4.1791010693e-03
2.4354354354e+00 4.2275462106e-03
2.4384384384e+00 4.2764120544e-03
2.4414414414e+00 4.3257011752e-03
2.4444444444e+00 4.3754152436e-03
2.4474474474e+00 4.4255566052e-03
2.4504504505e+00 4.4761272290e-03
2.4534534535e+00 4.5271291481e-03
2.4564564565e+00 4.5785646813e-03
2.4594594595e+00 4.6304355148e-03
2.4624624625e+00 4.6827441849e-03
2.4654654655e+00 4.7354924955e-03
2.4684684685e+00 4.7886826836e-03
2.4714714715e+00 4.8423169593e-03
2.4744744745e+00 4.8963971226e-03
2.4774774775e+00 4.9509256719e-03
2.4804804805e+00 5.0059044907e-03
2.4834834835e+00 5.0613357693e-03
2.4864864865e+00 5.1172218230e-03
2.4894894895e+00 5.1735644215e-03
2.4924924925e+00 5.2303660491e-03
2.4954954955e+00 5.2876288162e-03
2.4984984985e+00 5.3453546352e-03
2.5015015015e+00 5.4035459813e-03
2.5045045045e+00 5.4622048885e-03
2.5075075075e+00 5.5213334216e-03
2.5105105105e+00 5.5809339922e-03
2.5135135135e+00 5.6410086340e-03
2.5165165165e+00 5.7015594780e-03
2.5195195195e+00 5.7625879758e-03
2.5225225225e+00 5.8240940463e-03
2.5255255255e+00 5.8860828946e-03
2.5285285285e+00 5.9485569336e-03
2.5315315315e+00 6.0115183162e-03
2.5345345345e+00 6.0749690630e-03
2.5375375375e+00 6.1389116486e-03
2.5405405405e+00 6.2033482958e-03
2.5435435435e+00 6.2682809931e-03
2.5465465465e+00 6.3337121766e-03
2.5495495495e+00 6.3996441305e-03
2.5525525526e+00 6.4660790115e-03
2.5555555556e+00 6.5330189814e-03
2.5585585586e+00 6.6004664765e-03
2.5615615616e+00 6.6684237560e-03
2.5645645646e+00 6.7368929353e-03
2.5675675676e+00 6.8058763426e-03
2.5705705706e+00 6.8753763499e-03
2.5735735736e+00 6.9453952371e-03
2.5765765766e+00 7.0159351461e-03
2.5795795796e+00 7.0869984350e-03
2.5825825826e+00 7.1585874805e-03
2.5855855856e+00 7.2307045835e-03
2.5885885886e+00 7.3033519753e-03
2.5915915916e+00 7.3765319155e-03
2.5945945946e+00 7.4502468515e-03
2.5975975976e+00 7.5244991036e-03
2.6006006006e+00 7.5992909980e-03
2.6036036036e+00 7.6746247414e-03
2.6066066066e+00 7.7505027454e-03
2.6096096096e+00 7.8269274065e-03
2.6126126126e+00 7.9039010716e-03
2.6156156156e+00 7.9814260925e-03
2.6186186186e+00 8.0595047467e-03
2.6216216216e+00 8.1381394033e-03
2.6246246246e+00 8.2173301663e-03
2.6276276276e+00 8.2970817071e-03
2.6306306306e+00 8.3773964424e-03
2.6336336336e+00 8.4582767543e-03
2.6366366366e+00 8.5397249579e-03
2.6396396396e+00 8.6217434678e-03
2.6426426426e+00 8.7043347384e-03
2.6456456456e+00 8.7875011730e-03
2.6486486486e+00 8.8712451801e-03
2.6516516517e+00 8.9555691730e-03
2.6546546547e+00 9.0404755706e-03
2.6576576577e+00 9.1259667567e-03
2.6606606607e+00 9.2120451450e-03
2.6636636637e+00 9.2987132296e-03
2.6666666667e+00 9.3859734498e-03
2.6696696697e+00 9.4738282505e-03
2.6726726727e+00 9.5622800810e-03
2.6756756757e+00 9.6513313965e-03
2.6786786787e+00 9.7409846569e-03
2.6816816817e+00 9.8312423272e-03
2.6846846847e+00 9.9221068781e-03
2.6876876877e+00 1.0013580746e-02
2.6906906907e+00 1.0105666432e-02
2.6936936937e+00 1.0198366445e-02
2.6966966967e+00 1.0291683276e-02
2.6996996997e+00 1.0385619421e-02
2.7027027027e+00 1.0480177382e-02
2.7057057057e+00 1.0575359664e-02
2.7087087087e+00 1.0671168781e-02
2.7117117117e+00 1.0767607249e-02
2.7147147147e+00 1.0864677589e-02
2.7177177177e+00 1.0962382331e-02
2.7207207207e+00 1.1060723939e-02
2.7237237237e+00 1.1159702736e-02
2.7267267267e+00 1.1259323543e-02
2.7297297297e+00 1.1359588911e-02
2.7327327327e+00 1.1460501391e-02
2.7357357357e+00 1.1562063543e-02
2.7387387387e+00 1.1664277930e-02
2.7417417417e+00 1.1767147121e-02
2.7447447447e+00 1.1870673691e-02
2.7477477477e+00 1.1974860218e-02
2.7507507508e+00 1.2079709288e-02
2.7537537538e+00 1.2185223491e-02
2.7567567568e+00 1.2291405420e-02
2.7597597598e+00 1.2398257678e-02
2.7627627628e+00 1.2505782868e-02
2.7657657658e+00 1.2613983602e-02
2.7687687688e+00 1.2722862495e-02
2.7717717718e+00 1.2832422170e-02
2.7747747748e+00 1.2942665251e-02
2.7777777778e+00 1.3053594371e-02
2.7807807808e+00 1.3165212166e-02
2.7837837838e+00 1.3277521278e-02
2.7867867868e+00 1.3390524355e-02
2.7897897898e+00 1.3504224049e-02
2.7927927928e+00 1.3618623018e-02
2.7957957958e+00 1.3733723925e-02
2.7987987988e+00 1.3849529407e-02
2.8018018018e+00 1.3966042145e-02
2.8048048048e+00 1.4083264839e-02
2.8078078078e+00 1.4201200172e-02
2.8108108108e+00 1.4319850834e-02
2.8138138138e+00 1.4439219520e-02
2.8168168168e+00 1.4559308032e-02
2.8198198198e+00 1.4680116969e-02
2.8228228228e+00 1.4801652040e-02
2.8258258258e+00 1.4923915960e-02
2.8288288288e+00 1.5046911386e-02
2.8318318318e+00 1.5170641094e-02
2.8348348348e+00 1.5295107828e-02
2.8378378378e+00 1.5420314323e-02
2.8408408408e+00 1.5546263321e-02
2.8438438438e+00 1.5672957569e-02
2.8468468468e+00 1.5800399819e-02
2.8498498498e+00 1.5928592768e-02
2.8528528529e+00 1.6057539210e-02
2.8558558559e+00 1.6187241940e-02
2.8588588589e+00 1.6317703732e-02
2.8618618619e+00 1.6448927366e-02
2.8648648649e+00 1.6580915625e-02
2.8678678679e+00 1.6713671222e-02
2.8708708709e+00 1.6847196999e-02
2.8738738739e+00 1.6981495784e-02
2.8768768769e+00 1.7116570380e-02
2.8798798799e+00 1.7252423598e-02
2.8828828829e+00 1.7389058193e-02
2.8858858859e+00 1.7526476996e-02
2.8888888889e+00 1.7664682881e-02
2.8918918919e+00 1.7803678682e-02
2.8948948949e+00 1.7943467234e-02
2.8978978979e+00 1.8084051275e-02
2.9009009009e+00 1.8225433742e-02
2.9039039039e+00 1.8367617502e-02
2.9069069069e+00 1.8510605412e-02
2.9099099099e+00 1.8654399171e-02
2.9129129129e+00 1.8799001558e-02
2.9159159159e+00 1.8944416698e-02
2.9189189189e+00 1.9090647471e-02
2.9219219219e+00 1.9237696677e-02
2.9249249249e+00 1.9385567241e-02
2.9279279279e+00 1.9534262106e-02
2.9309309309e+00 1.9683784173e-02
2.9339339339e+00 1.9834136220e-02
2.9369369369e+00 1.9985321275e-02
2.9399399399e+00 2.0137342265e-02
2.9429429429e+00 2.0290202053e-02
2.9459459459e+00 2.0443903539e-02
2.9489489489e+00 2.0598449741e-02
2.9519519520e+00 2.0753843586e-02
2.9549549550e+00 2.0910087889e-02
2.9579579580e+00 2.1067185738e-02
2.9609609610e+00 2.1270902352e-02
2.9639639640e+00 2.1383953756e-02
2.9669669670e+00 2.1543629830e-02
2.9699699700e+00 2.1704171297e-02
2.9729729730e+00 2.1865581000e-02
2.9759759760e+00 2.2027862025e-02
2.9789789790e+00 2.2191017383e-02
2.9819819820e+00 2.2355049923e-02
2.9849849850e+00 2.2519962768e-02
2.9879879880e+00 2.2685758924e-02
2.9909909910e+00 2.2852441259e-02
2.9939939940e+00 2.3020012938e-02
2.9969969970e+00 2.3188476922e-02
3.0000000000e+00 2.3357834669e-02
