1.e-12	75.93655183791243
1.148153621496884e-12	76.489172260231
1.3182567385564048e-12	77.04179268254957
1.5135612484362072e-12	77.59441310486814
1.7378008287493763e-12	78.14703352718672
1.9952623149688827e-12	78.69965394950529
2.29086765276777e-12	79.25227437182386
2.6302679918953816e-12	79.80489479414243
3.0199517204020193e-12	80.35751521646101
3.4673685045253096e-12	80.91013563877956
3.9810717055349695e-12	81.46275606109813
4.5708818961487516e-12	82.01537648341672
5.248074602497734e-12	82.56799690573528
6.0255958607435685e-12	83.12061732805385
6.918309709189362e-12	83.67323775037242
7.943282347242821e-12	84.225858172691
9.120108393559116e-12	84.77847859500957
1.0471285480508986e-11	85.33109901732813
1.202264434617413e-11	85.88371943964671
1.3803842646028866e-11	86.43633986196528
1.5848931924611107e-11	86.98896028428385
1.8197008586099825e-11	87.54158070660242
2.089296130854041e-11	88.094201128921
2.398832919019485e-11	88.64682155123955
2.7542287033381634e-11	89.19944197355814
3.1622776601683794e-11	89.7520623958767
3.6307805477010174e-11	90.30468281819527
4.1686938347033464e-11	90.85730324051384
4.78630092322638e-11	91.40992366283241
5.495408738576248e-11	91.962544085151
6.309573444801942e-11	92.51516450746956
7.244359600749891e-11	93.06778492978813
8.317637711026709e-11	93.6204053521067
9.549925860214369e-11	94.17302577442528
1.0964781961431829e-10	94.72564619674384
1.2589254117941662e-10	95.2782666190624
1.445439770745928e-10	95.83088704138099
1.6595869074375562e-10	96.38350746369954
1.9054607179632444e-10	96.93612788601813
2.1877616239495518e-10	97.4887483083367
2.511886431509582e-10	98.04136873065528
2.8840315031266117e-10	98.59398915297385
3.3113112148259076e-10	99.1466095752924
3.801893963205613e-10	99.69922999761098
4.3651583224016655e-10	100.25185041992955
5.011872336272714e-10	100.80447084224812
5.754399373371567e-10	101.35709126456669
6.606934480075964e-10	101.90971168688527
7.58577575029182e-10	102.46233210920383
8.709635899560796e-10	103.01495253152241
1.e-9	103.56757295384098
1.148153621496884e-9	104.12019337615955
1.31825673855641e-9	104.67281379847813
1.5135612484362073e-9	105.22543422079669
1.7378008287493762e-9	105.77805464311527
1.9952623149688828e-9	106.33067506543384
2.29086765276777e-9	106.8832954877524
2.6302679918953816e-9	107.43591591007097
3.019951720402019e-9	107.98853633238956
3.4673685045253096e-9	108.54115675470811
3.981071705534969e-9	109.09377717702668
4.570881896148752e-9	109.64639759934526
5.248074602497712e-9	110.19901802166382
6.025595860743569e-9	110.7516384439824
6.918309709189363e-9	111.30425886630097
7.943282347242822e-9	111.85687928861955
9.120108393559115e-9	112.40949971093812
1.0471285480508984e-8	112.96212013325668
1.202264434617413e-8	113.51474055557526
1.3803842646028838e-8	114.06736097789383
1.5848931924611143e-8	114.6199814002124
1.8197008586099826e-8	115.17260182253096
2.0892961308540408e-8	115.72522224484955
2.3988329190194897e-8	116.27784266716812
2.7542287033381633e-8	116.83046308948668
3.162277660168379e-8	117.38308351180525
3.63078054770101e-8	117.93570393412382
4.168693834703355e-8	118.48832435644239
4.78630092322638e-8	119.04094477876096
5.495408738576248e-8	119.59356520107954
6.30957344480193e-8	120.14618562339811
7.244359600749892e-8	120.69880604571668
8.317637711026709e-8	121.25142646803525
9.549925860214349e-8	121.80404689035382
1.0964781961431852e-7	122.3566673126724
1.2589254117941662e-7	122.90928773499095
1.445439770745928e-7	123.46190815730954
1.6595869074375596e-7	124.0145285796281
1.9054607179632443e-7	124.56714900194667
2.187761623949552e-7	125.11976942426524
2.511886431509577e-7	125.67238984658381
2.8840315031266057e-7	126.2250102689024
3.311311214825908e-7	126.77763069122096
3.8018939632056126e-7	127.33025111353953
4.365158322401656e-7	127.8828715358581
5.011872336272725e-7	128.43549195817667
5.754399373371567e-7	128.98811238049524
6.606934480075951e-7	129.5407328028138
7.585775750291836e-7	130.09335322513238
8.709635899560796e-7	130.64597364745094
1.e-6	131.19859406976954
1.1481536214968817e-6	131.75121449208808
1.3182567385564074e-6	132.30383491440668
1.5135612484362072e-6	132.85645533672525
1.7378008287493763e-6	133.40907575904382
1.9952623149688787e-6	133.96169618136238
2.29086765276777e-6	134.51431660368095
2.6302679918953817e-6	135.06693702599952
3.019951720402013e-6	135.6195574483181
3.467368504525317e-6	136.17217787063666
3.981071705534969e-6	136.72479829295523
4.570881896148752e-6	137.2774187152738
5.248074602497723e-6	137.83003913759237
6.025595860743569e-6	138.38265955991093
6.9183097091893625e-6	138.93527998222953
7.943282347242805e-6	139.4879004045481
9.120108393559096e-6	140.04052082686667
0.000010471285480508985	140.59314124918524
0.000012022644346174132	141.1457616715038
0.000013803842646028839	141.69838209382237
0.000015848931924611107	142.25100251614094
0.000018197008586099827	142.8036229384595
0.000020892961308540365	143.35624336077808
0.0000239883291901949	143.90886378309665
0.000027542287033381633	144.46148420541522
0.000031622776601683795	145.0141046277338
0.0000363078054770101	145.56672505005233
0.00004168693834703355	146.1193454723709
0.000047863009232263804	146.6719658946894
0.00005495408738576237	147.22458631700792
0.00006309573444801929	147.77720673932637
0.00007244359600749891	148.32982716164474
0.00008317637711026709	148.88244758396297
0.0000954992586021435	149.43506800628091
0.00010964781961431828	149.98768842859843
0.0001258925411794166	150.54030885091515
0.0001445439770745928	151.0929292732305
0.00016595869074375564	151.6455496955435
0.00019054607179632443	152.19817011785236
0.00021877616239495518	152.7507905401541
0.0002511886431509582	153.30341096244337
0.00028840315031266	153.856031384711
0.0003311311214825908	154.40865180694112
0.00038018939632056124	154.96127222910596
0.00043651583224016654	155.51389265115733
0.0005011872336272714	156.06651307301158
0.0005754399373371566	156.61913349452328
0.0006606934480075965	157.17175391543967
0.000758577575029182	157.72437433532147
0.0008709635899560796	158.2769947534055
0.001	158.82961516836525
0.001148153621496884	159.38223557789564
0.0013182567385564047	159.9348559779909
0.0015135612484362072	160.4874763616898
0.0017378008287493763	161.04009671689508
0.0019952623149688746	161.59271702258408
0.00229086765276777	162.14533724222377
0.0026302679918953813	162.69795731232682
0.003019951720402019	163.25057712256512
0.0034673685045253097	163.80319648121053
0.003981071705534969	164.35581505507838
0.004570881896148752	164.9084322651618
0.0052480746024977125	165.46104710526768
0.006025595860743568	166.01365782684954
0.006918309709189363	166.56626139133175
0.00794328234724282	167.1188525184263
0.009120108393559078	167.67142203250106
0.010471285480508985	168.22395398951386
0.012022644346174132	168.7764206860588
0.01380384264602881	169.32877399170565
0.01584893192461111	169.88093030330182
0.018197008586099826	170.4327444497372
0.02089296130854041	170.98396449792395
0.02398832919019485	171.53415367902684
0.027542287033381633	172.0825561063112
0.03162277660168379	172.6278675888793
0.03630780547701003	173.1678497257958
0.041686938347033464	173.69869553720022
0.0478630092322638	174.21403097685504
0.05495408738576248	174.703466428668
0.06309573444801916	175.15081984329132
0.07244359600749892	175.5327348641943
0.08317637711026708	175.819491338522
0.09549925860214369	175.98046285069736
0.10964781961431828	175.99446997669128
0.12589254117941662	175.8595150148308
0.1445439770745928	175.59380298442957
0.16595869074375563	175.22708901209944
0.19054607179632443	174.7898408780704
0.21877616239495518	174.3067574830378
0.25118864315095824	173.79527540084501
0.28840315031266	173.266716929246
0.3311311214825908	172.7280750775644
0.38018939632056126	172.18354299223918
0.43651583224016477	171.63559179241605
0.5011872336272715	171.0856631766665
0.5754399373371566	170.53459337115083
0.6606934480075964	169.98286578091395
0.758577575029182	169.43075931055844
0.8709635899560796	168.87843469660325
1.	168.3259845140647